         1      3.6907987E-08
         2      6.5801041E-08
         3      6.4703652E-08
         4      4.2931803E-08
         5      1.8640042E-07
         6      1.6662493E-07
         7      1.2486278E-07
         8      1.2719822E-07
         9      1.4671364E-07
        10      1.5702048E-07
        11      6.7721498E-08
        12      1.0612116E-07
        13      1.4510526E-07
        14      7.8805557E-08
        15      9.5486322E-08
        16      5.9743396E-08
        17      1.4731685E-07
        18      1.2259500E-07
        19      1.1369385E-07
        20      4.0033977E-07
        21      1.1434111E-07
        22      1.5054825E-07
        23      5.5144181E-07
        24      1.9716658E-07
        25      1.9419712E-07
        26      2.3529325E-07
        27      1.5949929E-07
        28      6.4409693E-08
        29      1.0698640E-07
        30      4.1658088E-07
        31      1.1388176E-07
        32      1.7532435E-07
        33      2.2969144E-07
        34      1.6312088E-07
        35      1.7618524E-07
        36      1.3143496E-07
        37      6.1111102E-08
        38      1.9994736E-07
        39      2.8016160E-07
        40      1.1554175E-07
        41      1.0405324E-07
        42      1.0007140E-07
        43      1.3370284E-07
        44      2.8547733E-07
        45      1.1179761E-07
        46      3.6528251E-07
        47      1.2490529E-07
        48      3.7409575E-07
        49      2.3708996E-07
        50      1.4339837E-07
        51      8.5825349E-07
        52      2.0648192E-07
        53      2.3855732E-07
        54      5.4091038E-07
        55      4.2969812E-07
        56      4.6969190E-07
        57      3.3545314E-07
        58      9.5335824E-08
        59      2.4928801E-07
        60      7.7901210E-08
        61      1.4093000E-07
        62      2.2344627E-07
        63      5.0052701E-07
        64      9.8397335E-08
        65      4.3219043E-07
        66      9.4400865E-08
        67      1.9102141E-07
        68      1.5971510E-07
        69      2.2786562E-07
        70      3.7819418E-07
        71      3.6370176E-07
        72      4.8891313E-07
        73      4.4663562E-07
        74      2.4024429E-07
        75      2.8769843E-07
        76      3.6170469E-07
        77      3.7228566E-07
        78      4.7983903E-07
        79      2.0505010E-07
        80      8.9184960E-08
        81      2.8970115E-07
        82      2.9903212E-07
        83      2.9666652E-07
        84      1.2771673E-07
        85      3.4305830E-07
        86      3.5010170E-07
        87      3.3578415E-07
        88      5.0930687E-08
        89      6.6214779E-08
        90      1.0211502E-07
        91      1.2888490E-07
        92      3.5257035E-08
        93      2.5984923E-07
        94      2.4541398E-07
        95      1.9252826E-07
        96      1.9894630E-07
        97      1.5504563E-07
        98      1.4689124E-07
        99      1.6130052E-07
       100      1.4351317E-07
       101      9.7052669E-08
       102      1.4179806E-07
       103      1.3271750E-07
       104      1.3782830E-07
       105      7.1354652E-08
       106      1.3577804E-07
       107      9.2207895E-08
       108      1.4589152E-07
       109      1.4722280E-07
       110      6.8057473E-08
       111      1.4759662E-07
       112      4.5174182E-07
       113      3.9856965E-07
       114      2.3803662E-07
       115      4.3988887E-07
       116      4.5092080E-07
       117      4.4008925E-07
       118      4.2732554E-07
       119      3.3581445E-07
       120      1.7486250E-07
       121      1.3986341E-07
       122      1.2601478E-07
       123      2.2952252E-07
       124      1.3566246E-07
       125      2.9921727E-07
       126      1.1754919E-07
       127      7.2289328E-08
       128      9.3813530E-08
       129      1.1051512E-07
       130      9.3182685E-08
       131      1.5350999E-07
       132      1.6211265E-07
       133      9.6050841E-08
       134      1.3366942E-07
       135      1.8480580E-07
       136      2.9014452E-07
       137      4.5967096E-07
       138      4.4469926E-07
       139      4.1965142E-07
       140      4.0898978E-07
       141      4.6448356E-07
       142      3.7810413E-07
       143      2.1982381E-07
       144      1.1199798E-07
       145      9.7350046E-08
       146      7.3008005E-08
       147      5.7872172E-08
       148      1.4663330E-07
       149      1.2743148E-07
       150      1.4618482E-07
       151      1.2754121E-07
       152      1.5132192E-07
       153      1.3107963E-07
       154      1.2128225E-07
       155      4.6782637E-07
       156      4.6255077E-07
       157      1.2479253E-07
       158      4.3395231E-07
       159      2.8029958E-07
       160      4.6143390E-07
       161      3.1374361E-07
       162      1.0873018E-07
       163      1.4219364E-07
       164      1.5383404E-07
       165      3.8511441E-07
       166      4.1030821E-07
       167      4.1992457E-07
       168      4.1548990E-07
       169      1.4992318E-07
       170      1.7273973E-07
       171      9.7315043E-08
       172      3.0076780E-07
       173      2.1564667E-07
       174      4.3970512E-07
       175      3.5341808E-07
       176      1.7372891E-07
       177      1.4822841E-07
       178      1.3489856E-07
       179      1.3201959E-07
       180      1.4223423E-07
       181      1.5961654E-07
       182      1.5809564E-07
       183      1.3157556E-07
       184      1.9872246E-07
       185      2.1642489E-07
       186      2.9227994E-07
       187      2.1149145E-07
       188      2.6191360E-07
       189      1.4111866E-07
       190      1.1412629E-07
       191      7.7701392E-08
       192      2.2465237E-07
       193      1.8368696E-07
       194      1.7137785E-07
       195      1.1358221E-07
       196      1.2848947E-07
       197      1.2345044E-07
       198      1.2433693E-07
       199      1.2719826E-07
       200      1.2392379E-07
       201      1.2050087E-07
       202      1.1990063E-07
       203      1.2260750E-07
       204      1.2778950E-07
       205      1.3368385E-07
       206      1.2590410E-07
       207      1.6402387E-07
       208      1.2540887E-07
       209      3.6499499E-07
       210      4.4297668E-07
       211      4.2490422E-07
       212      2.3566170E-07
       213      3.6437979E-07
       214      3.5793060E-07
       215      4.6135401E-08
       216      6.4002694E-08
       217      1.6400566E-07
       218      1.1561513E-07
       219      1.5814799E-07
       220      1.1869297E-07
       221      9.2159997E-08
       222      4.8448050E-07
       223      4.3704221E-07
       224      4.2406178E-07
       225      4.5335661E-07
       226      2.2452972E-07
       227      1.5717430E-07
       228      2.3858294E-07
       229      8.3179166E-08
       230      6.9481190E-08
       231      6.4642550E-08
       232      7.5413859E-08
       233      8.5362956E-08
       234      1.2326133E-07
       235      1.7818213E-07
       236      6.7915230E-08
       237      1.5795738E-07
       238      1.5443141E-07
       239      3.1847864E-07
       240      1.7517225E-07
       241      1.0659746E-07
       242      1.0295212E-07
       243      1.0696277E-07
       244      1.1226237E-07
       245      1.0348474E-07
       246      1.0532902E-07
       247      1.0322542E-07
       248      9.1136003E-08
       249      7.6735270E-08
       250      6.8589143E-08
       251      1.4761614E-07
       252      1.4579127E-07
       253      1.6080806E-07
       254      3.8428353E-07
       255      5.2459546E-07
       256      4.9831673E-07
       257      4.7941412E-07
       258      4.0040890E-07
       259      3.4989962E-07
       260      3.1094033E-07
       261      2.7733873E-07
       262      2.7589353E-07
       263      2.0667440E-07
       264      1.3482008E-07
       265      2.2351839E-07
       266      5.0971526E-07
       267      8.0974159E-07
       268      6.7968753E-07
       269      5.5601988E-07
       270      4.7586099E-07
       271      4.2921364E-07
       272      4.1150669E-07
       273      3.9701187E-07
       274      3.7883738E-07
       275      3.9160353E-07
       276      3.3740758E-07
       277      1.4385287E-07
       278      1.5092025E-07
       279      1.9344562E-07
       280      1.6101414E-07
       281      1.2228328E-07
       282      1.6682028E-07
       283      2.7578820E-07
       284      1.3770284E-07
       285      4.5699371E-07
       286      3.9047015E-07
       287      6.9143261E-08
       288      7.5234463E-08
       289      1.0399893E-07
       290      3.3835029E-07
       291      3.4145419E-07
       292      2.1333953E-07
       293      5.4136207E-07
       294      2.3716531E-07
       295      1.7267660E-07
       296      1.5945784E-07
       297      1.7488893E-07
       298      7.3037225E-08
       299      7.9201677E-08
       300      9.5694536E-08
       301      1.2645393E-07
       302      2.3649154E-07
       303      3.3234775E-07
       304      1.1742789E-07
       305      6.5618987E-08
       306      2.3156352E-07
       307      2.7095629E-07
       308      2.6840848E-07
       309      2.8339045E-07
       310      3.1799679E-07
       311      3.6833477E-07
       312      4.1596854E-07
       313      4.3561636E-07
       314      4.4314603E-07
       315      4.4945896E-07
       316      4.5761092E-07
       317      2.6293191E-07
       318      3.1878685E-07
       319      4.9835015E-07
       320      4.7267990E-07
       321      5.2482992E-07
       322      3.9524288E-07
       323      6.4965427E-07
       324      5.7925555E-07
       325      5.1352452E-07
       326      4.6945338E-07
       327      3.9824045E-07
       328      3.6579477E-07
       329      3.4447182E-07
       330      3.3438401E-07
       331      3.1022303E-07
       332      2.9322471E-07
       333      2.8762534E-07
       334      2.8910232E-07
       335      2.8624041E-07
       336      2.1921325E-07
       337      1.0929805E-07
       338      1.7245159E-07
       339      1.2658735E-07
       340      2.4788862E-07
       341      2.5570203E-07
       342      2.8693282E-07
       343      2.9137174E-07
       344      2.6115959E-07
       345      2.6599618E-07
       346      2.9761407E-07
       347      3.1638448E-07
       348      3.4322478E-07
       349      3.6092025E-07
       350      4.4249063E-07
       351      4.6894173E-07
       352      5.1009367E-07
       353      4.9696817E-07
       354      4.2081192E-07
       355      5.1645207E-07
       356      5.4292046E-07
       357      7.7188427E-07
       358      6.1407523E-07
       359      4.5841238E-07
       360      4.4943692E-07
       361      4.9734430E-07
       362      4.4325556E-07
       363      1.5657800E-07
       364      1.9290930E-07
       365      2.1255310E-07
       366      9.2246452E-08
       367      3.5966968E-07
       368      4.2985143E-07
       369      4.1957354E-07
       370      5.6711752E-07
       371      4.8175561E-07
       372      5.5361482E-07
       373      4.8005623E-07
       374      4.7539599E-07
       375      4.6020778E-07
       376      8.1254736E-07
       377      5.6913699E-07
       378      7.6798724E-07
       379      6.7807976E-07
       380      6.0771905E-07
       381      4.6530714E-07
       382      4.2287949E-07
       383      3.8891708E-07
       384      3.4539272E-07
       385      2.9936011E-07
       386      2.6320843E-07
       387      2.4548611E-07
       388      2.4278886E-07
       389      2.4882734E-07
       390      2.4038860E-07
       391      1.3650375E-07
       392      1.7457650E-07
       393      2.9131588E-07
       394      3.1758620E-07
       395      2.3953360E-07
       396      2.0698544E-07
       397      1.0209023E-07
       398      2.3415819E-07
       399      1.8719545E-07
       400      2.2775288E-07
       401      1.2953487E-07
       402      1.2986761E-07
       403      2.4945534E-07
       404      2.0301493E-07
       405      2.3111154E-07
       406      2.3807648E-07
       407      2.2786564E-07
       408      2.3137279E-07
       409      2.4236512E-07
       410      2.1185427E-07
       411      2.1641523E-07
       412      2.1738476E-07
       413      3.7547070E-07
       414      2.6994642E-07
       415      4.3942417E-07
       416      4.5309204E-07
       417      4.3133669E-07
       418      4.4767625E-07
       419      4.4589408E-07
       420      4.3575120E-07
       421      4.3247694E-07
       422      4.8198284E-07
       423      4.6796797E-07
       424      4.5538007E-07
       425      4.6912795E-07
       426      4.2945717E-07
       427      6.5406189E-07
       428      6.4186649E-07
       429      3.5271580E-07
       430      4.8719798E-07
       431      4.8196112E-07
       432      4.5356447E-07
       433      3.1434359E-07
       434      3.3618937E-07
       435      2.9183901E-07
       436      2.9056699E-07
       437      3.8149447E-07
       438      3.4845878E-07
       439      5.1333510E-07
       440      4.3973060E-07
       441      7.0368867E-07
       442      6.8175360E-07
       443      5.5367731E-07
       444      6.1614252E-07
       445      3.7298490E-07
       446      4.1365494E-07
       447      7.0200664E-07
       448      5.1950278E-07
       449      5.5909062E-07
       450      7.4663898E-07
       451      4.2626180E-07
       452      4.8548898E-07
       453      2.9150222E-07
       454      3.5091794E-07
       455      2.0193091E-07
       456      2.3435539E-07
       457      2.0214667E-07
       458      1.9225844E-07
       459      2.3715894E-07
       460      2.1404961E-07
       461      3.0928579E-07
       462      2.3971586E-07
       463      3.6872664E-07
       464      3.5394318E-07
       465      2.4842146E-07
       466      3.3021957E-07
       467      2.6791720E-07
       468      4.2260081E-07
       469      4.3218033E-07
       470      4.2141888E-07
       471      3.9305044E-07
       472      3.8373928E-07
       473      2.8068317E-07
       474      3.0380288E-07
       475      3.3921166E-07
       476      3.6369911E-07
       477      4.5473928E-07
       478      4.8362708E-07
       479      4.6576210E-07
       480      4.5964035E-07
       481      4.2487342E-07
       482      3.3277878E-07
       483      3.6579741E-07
       484      3.2543423E-07
       485      3.3924764E-07
       486      3.6676741E-07
       487      3.4279478E-07
       488      2.8487812E-07
       489      2.6837343E-07
       490      1.2016642E-07
       491      1.3699893E-07
       492      1.3260454E-07
       493      1.3182362E-07
       494      1.3364129E-07
       495      1.3786320E-07
       496      1.3812212E-07
       497      1.4450728E-07
       498      1.4455034E-07
       499      1.4775554E-07
       500      1.5238946E-07
       501      1.5457625E-07
       502      2.5686190E-07
       503      2.5662453E-07
       504      2.3474860E-07
       505      3.5874597E-07
       506      2.2584725E-07
       507      4.0123599E-07
       508      5.6707190E-07
       509      1.2808934E-07
       510      1.6148659E-07
       511      1.6341186E-07
       512      1.9721224E-07
       513      1.3118738E-07
       514      1.6407830E-07
       515      5.7165559E-08
       516      6.2503846E-08
       517      5.3320149E-08
       518      4.8928883E-08
       519      6.8132686E-08
       520      9.6934914E-08
       521      1.2482026E-07
       522      1.2803770E-07
       523      1.2286494E-07
       524      8.1414849E-08
       525      6.4350659E-08
       526      7.9702977E-08
       527      8.4462556E-08
       528      6.4580703E-08
       529      1.0787692E-07
       530      1.6193055E-07
       531      1.7387641E-07
       532      1.2920572E-07
       533      6.9546588E-08
       534      5.6224222E-08
       535      4.7662835E-08
       536      6.7825194E-08
       537      5.3138777E-08
       538      5.6678198E-08
       539      8.3387328E-08
       540      7.0596077E-08
       541      5.7694273E-08
       542      4.6921520E-08
       543      8.6037670E-08
       544      1.4115328E-07
       545      1.4525051E-07
       546      1.3557533E-07
       547      1.1927914E-07
       548      4.7560614E-07
       549      5.0636159E-07
       550      5.0251977E-07
       551      4.6927802E-07
       552      4.5518595E-07
       553      4.5878480E-07
       554      4.6750048E-07
       555      4.7432277E-07
       556      4.7300210E-07
       557      4.5492666E-07
       558      4.4355057E-07
       559      4.4278687E-07
       560      4.2624049E-07
       561      3.8049744E-07
       562      3.1508840E-07
       563      3.4276297E-07
       564      4.2425528E-07
       565      4.9410440E-07
       566      5.5700266E-07
       567      6.4216084E-07
       568      6.1793820E-07
       569      5.3793864E-07
       570      4.8624627E-07
       571      4.9508736E-07
       572      5.2773793E-07
       573      5.8973152E-07
       574      5.9623517E-07
       575      5.6738722E-07
       576      5.1167599E-07
       577      4.2608007E-07
       578      2.4015960E-07
       579      2.8292882E-07
       580      3.7500337E-07
       581      3.2955877E-07
       582      3.3993851E-07
       583      3.4539495E-07
       584      3.0633232E-07
       585      2.2723715E-07
       586      2.2557885E-07
       587      2.3480253E-07
       588      1.3468322E-07
       589      1.4119673E-07
       590      1.5451802E-07
       591      1.5497282E-07
       592      2.2087484E-07
       593      1.7637061E-07
       594      1.4226657E-07
       595      1.2189506E-07
       596      1.1426516E-07
       597      1.1823889E-07
       598      1.3595028E-07
       599      1.6740951E-07
       600      2.0834694E-07
       601      2.2429893E-07
       602      2.1905239E-07
       603      1.9423626E-07
       604      1.7764800E-07
       605      1.7749621E-07
       606      1.8716419E-07
       607      2.1969399E-07
       608      2.4349527E-07
       609      2.7017633E-07
       610      2.8698561E-07
       611      3.0935590E-07
       612      3.1355819E-07
       613      2.8323346E-07
       614      2.4068619E-07
       615      1.9309381E-07
       616      1.7783838E-07
       617      4.6242512E-08
       618      7.0581193E-08
       619      3.2798989E-08
       620      5.3319859E-08
       621      2.7302499E-07
       622      1.4195107E-07
       623      9.5016605E-08
       624      8.6492562E-08
       625      5.7235638E-08
       626      5.0988737E-07
       627      1.0845722E-07
       628      1.8020585E-07
       629      9.2519156E-08
       630      3.2842010E-07
       631      1.2829474E-07
       632      6.3965560E-08
       633      5.7691824E-08
       634      7.1894722E-08
       635      1.1767150E-07
       636      1.8126020E-07
       637      2.3224686E-07
       638      3.4263333E-07
       639      6.5188639E-08
       640      7.0086916E-08
       641      1.1184387E-07
       642      3.2706386E-07
       643      6.7063430E-08
       644      7.9655348E-08
       645      1.0663814E-07
       646      2.4883012E-07
       647      1.3042964E-07
       648      2.6902367E-07
       649      2.9979316E-07
       650      2.2128952E-07
       651      8.4779323E-08
       652      2.1432886E-07
       653      5.9227918E-07
       654      1.6754406E-07
       655      2.7818008E-07
       656      4.0996485E-07
       657      5.1318006E-07
       658      2.6234855E-07
       659      3.4273615E-07
       660      1.2556469E-07
       661      2.2687922E-07
       662      2.9676752E-07
       663      1.6366110E-07
       664      6.2885101E-07
       665      1.8360126E-07
       666      2.5074236E-07
       667      3.8521934E-07
       668      1.0318685E-07
       669      7.8565734E-07
       670      4.0350983E-07
       671      2.7174870E-07
       672      2.2642338E-07
       673      1.4635872E-07
       674      1.8136109E-07
       675      5.9807530E-07
       676      7.1185425E-07
       677      3.8780694E-07
       678      5.3102811E-07
       679      3.3911935E-07
       680      1.5643519E-07
       681      3.3053505E-07
       682      2.4922163E-07
       683      7.0577524E-08
       684      1.1634624E-07
       685      1.1529340E-07
       686      2.4413198E-07
       687      1.8033014E-07
       688      1.7083064E-07
       689      1.6254078E-07
       690      2.2265300E-07
       691      3.2531523E-07
       692      2.7915706E-07
       693      2.3060139E-07
       694      4.3830670E-07
       695      3.4864421E-07
       696      1.9027590E-07
       697      1.9781612E-07
       698      1.8612286E-07
       699      1.9747535E-07
       700      3.6067012E-07
       701      1.5891764E-07
       702      1.0885740E-07
       703      1.9139356E-07
       704      2.0568573E-07
       705      1.1380220E-07
       706      2.8814730E-07
       707      7.9860094E-08
       708      5.6674824E-07
       709      1.3095205E-07
       710      1.4780296E-07
       711      5.0973128E-07
       712      1.6230149E-07
       713      1.1211055E-07
       714      6.4460254E-08
       715      3.9739179E-08
       716      4.7590361E-08
       717      5.6424004E-08
       718      9.8970411E-08
       719      1.1211461E-07
       720      6.2053469E-08
       721      1.1747115E-07
       722      8.6772471E-08
       723      9.6748880E-08
       724      7.6840538E-08
       725      6.3278872E-08
       726      6.3398532E-08
       727      3.6049896E-08
       728      5.3937998E-08
       729      3.2494275E-08
       730      4.5744294E-08
       731      5.8259028E-08
       732      5.8701657E-08
       733      4.4555193E-08
       734      3.9469909E-08
       735      3.3571566E-08
       736      4.5775332E-08
       737      1.2433943E-07
       738      1.1239681E-07
       739      1.1837972E-07
       740      7.4137385E-08
       741      7.7666533E-08
       742      9.4389012E-08
       743      7.9089888E-08
       744      6.4444407E-08
       745      1.4570322E-07
       746      1.7361709E-07
       747      1.6180742E-07
       748      1.7857793E-07
       749      1.7536937E-07
       750      1.4740676E-07
       751      2.0131262E-07
       752      1.7868820E-07
       753      9.0023859E-08
       754      9.2359040E-08
       755      9.0302921E-08
       756      1.1252185E-07
       757      1.1988898E-07
       758      1.1411749E-07
       759      1.6817494E-07
       760      1.5329122E-07
       761      9.2542941E-08
       762      1.0913297E-07
       763      1.3322749E-07
       764      1.1199111E-07
       765      1.0652395E-07
       766      8.9122536E-08
       767      8.9442813E-08
       768      1.0424809E-07
       769      1.2796705E-07
       770      1.1596512E-07
       771      9.8096240E-08
       772      1.0605500E-07
       773      1.1424064E-07
       774      1.3174913E-07
       775      1.0513739E-07
       776      1.0271230E-07
       777      9.8731163E-08
       778      6.5847771E-08
       779      6.4349236E-08
       780      7.1935560E-08
       781      1.0042450E-07
       782      1.2894471E-07
       783      1.1253355E-07
       784      9.6389462E-08
       785      7.4937337E-08
       786      7.6680193E-08
       787      9.2768442E-08
       788      4.6616710E-08
       789      5.9156472E-08
       790      4.7080546E-08
       791      8.2291302E-08
       792      7.2112635E-08
       793      7.7579182E-08
       794      1.1444962E-07
       795      1.1138159E-07
       796      4.4272538E-08
       797      6.2239530E-08
       798      7.4852587E-08
       799      7.3375818E-08
       800      6.0436922E-08
       801      5.5460414E-08
       802      4.5641900E-08
       803      6.1384974E-08
       804      1.6904406E-07
       805      9.4570884E-08
       806      5.3221088E-08
       807      7.6558567E-08
       808      9.3548741E-08
       809      1.7929937E-07
       810      1.5727260E-07
       811      1.0849116E-07
       812      9.8523888E-08
       813      1.0738689E-07
       814      1.2396195E-07
       815      9.4030581E-08
       816      9.6422610E-08
       817      9.6674914E-08
       818      5.3632255E-08
       819      5.4308325E-08
       820      6.8348558E-08
       821      9.0210097E-08
       822      1.3030193E-07
       823      1.2897081E-07
       824      1.0651809E-07
       825      7.8802016E-08
       826      9.0193688E-08
       827      1.1466949E-07
       828      1.4478399E-07
       829      1.2189799E-07
       830      1.3961644E-07
       831      1.2454710E-07
       832      1.2813123E-07
       833      1.6208218E-07
       834      1.7080338E-07
       835      1.2755656E-07
       836      9.1434941E-08
       837      6.6286313E-08
       838      4.9505898E-08
       839      6.0022244E-08
       840      8.3289606E-08
       841      1.1246867E-07
       842      1.2730734E-07
       843      1.0137052E-07
       844      1.4358551E-07
       845      1.0088047E-07
       846      1.0847672E-07
       847      1.0422610E-07
       848      1.4828913E-07
       849      4.6153483E-08
       850      7.4400253E-08
       851      1.1767443E-07
       852      1.0535773E-07
       853      8.5426866E-08
       854      6.8288883E-08
       855      8.3345406E-08
       856      9.7280067E-08
       857      9.6380027E-08
       858      1.0122530E-07
       859      1.0570949E-07
       860      1.2839581E-07
       861      1.2216776E-07
       862      1.1620601E-07
       863      1.4473569E-07
       864      1.4323590E-07
       865      5.7100512E-07
       866      4.2586979E-07
       867      3.5900481E-07
       868      4.0969561E-07
       869      4.7302288E-07
       870      5.0684189E-07
       871      4.8595989E-07
       872      4.8965795E-07
       873      5.1487635E-07
       874      3.4275109E-07
       875      2.4292884E-07
       876      2.1453321E-07
       877      2.8598318E-07
       878      3.8743125E-07
       879      2.9356347E-07
       880      2.3970252E-07
       881      1.8601477E-07
       882      1.6939531E-07
       883      1.5865881E-07
       884      1.7639374E-07
       885      1.9431452E-07
       886      2.1239894E-07
       887      2.4558287E-07
       888      2.3608074E-07
       889      3.1254853E-07
       890      2.7195216E-07
       891      2.2146523E-07
       892      2.3038319E-07
       893      2.8315560E-07
       894      3.4293834E-07
       895      4.8155799E-07
       896      3.1352919E-07
       897      1.1860859E-07
       898      1.1073642E-07
       899      1.6113503E-07
       900      1.6244485E-07
       901      1.5303825E-07
       902      1.4785997E-07
       903      1.4701767E-07
       904      1.5854481E-07
       905      1.0977836E-07
       906      8.2658888E-08
       907      5.8988349E-08
       908      6.0262285E-08
       909      7.5389514E-08
       910      6.5739957E-08
       911      1.1577527E-07
       912      8.6230297E-08
       913      9.5127234E-08
       914      1.1102396E-07
       915      1.1940861E-07
       916      1.1957259E-07
       917      9.9671391E-08
       918      8.6880194E-08
       919      7.7007470E-08
       920      9.5987486E-08
       921      4.9780223E-08
       922      7.6289439E-08
       923      9.4707018E-08
       924      1.0213284E-07
       925      8.2757342E-08
       926      6.8428265E-08
       927      8.8977249E-08
       928      9.7305870E-08
       929      1.4466951E-07
       930      1.2788879E-07
       931      1.1352012E-07
       932      1.4232304E-07
       933      1.6035709E-07
       934      1.7102145E-07
       935      2.0418365E-07
       936      2.0210712E-07
       937      1.5370385E-07
       938      1.8360669E-07
       939      2.1140486E-07
       940      2.2127244E-07
       941      2.0561888E-07
       942      1.8749271E-07
       943      2.2265572E-07
       944      2.1166908E-07
       945      1.3592097E-07
       946      1.5926357E-07
       947      1.9177649E-07
       948      1.3332007E-07
       949      1.2329452E-07
       950      1.1419592E-07
       951      1.0264606E-07
       952      1.0485004E-07
       953      1.0863981E-07
       954      1.2678613E-07
       955      1.8165270E-07
       956      1.2155910E-07
       957      1.0166905E-07
       958      8.7039903E-08
       959      1.0275743E-07
       960      1.0143276E-07
       961      8.7756116E-08
       962      8.3334812E-08
       963      7.9082516E-08
       964      9.1009374E-08
       965      1.1333754E-07
       966      1.4071527E-07
       967      1.8697818E-07
       968      1.2556554E-07
       969      1.6921985E-07
       970      1.3072155E-07
       971      1.2006140E-07
       972      1.3098085E-07
       973      1.5037111E-07
       974      1.6777031E-07
       975      1.6434765E-07
       976      1.5683364E-07
       977      2.4166796E-07
       978      2.0911330E-07
       979      1.8565792E-07
       980      2.2784869E-07
       981      2.5314631E-07
       982      2.5481756E-07
       983      2.7792917E-07
       984      2.9174744E-07
       985      2.5097321E-07
       986      1.9211678E-07
       987      1.6505514E-07
       988      1.3798319E-07
       989      1.5855217E-07
       990      1.7153007E-07
       991      1.1176612E-07
       992      1.1198608E-07
       993      1.0659990E-07
       994      8.4641053E-08
       995      6.8839738E-08
       996      7.4384485E-08
       997      7.3390949E-08
       998      1.8015864E-07
       999      1.4482849E-07
      1000      1.1628207E-07
      1001      1.3297956E-07
      1002      1.4541984E-07
      1003      2.6452740E-07
      1004      1.5736892E-07
      1005      1.5596878E-07
      1006      2.3254369E-07
      1007      2.1176809E-07
      1008      1.9618628E-07
      1009      2.1258235E-07
      1010      2.5315723E-07
      1011      2.8963280E-07
      1012      4.1460409E-07
      1013      3.2713858E-07
      1014      4.8916635E-07
      1015      3.9980279E-07
      1016      2.9718857E-07
      1017      4.0503882E-07
      1018      4.6030465E-07
      1019      4.6304454E-07
      1020      4.7625696E-07
      1021      4.8765664E-07
      1022      1.3333400E-07
      1023      1.0059022E-07
      1024      1.0152665E-07
      1025      2.2792268E-07
      1026      1.9610279E-07
      1027      1.7825704E-07
      1028      2.1432584E-07
      1029      2.3431527E-07
      1030      2.6803239E-07
      1031      3.0055463E-07
      1032      2.7193621E-07
      1033      1.9754642E-07
      1034      1.6796655E-07
      1035      1.4436232E-07
      1036      1.1920244E-07
      1037      1.2839190E-07
      1038      1.6064571E-07
      1039      1.4591744E-07
      1040      1.1349441E-07
      1041      1.1447867E-07
      1042      1.1696829E-07
      1043      1.2589673E-07
      1044      1.3648638E-07
      1045      1.1070304E-07
      1046      9.9971529E-08
      1047      6.8131635E-08
      1048      1.0954098E-07
      1049      1.4218802E-07
      1050      1.6050476E-07
      1051      1.7843812E-07
      1052      2.0060769E-07
      1053      1.7681407E-07
      1054      1.5673762E-07
      1055      1.6663073E-07
      1056      1.9328098E-07
      1057      3.3255900E-07
      1058      3.1093995E-07
      1059      2.8887845E-07
      1060      3.5041289E-07
      1061      3.5103468E-07
      1062      3.5936558E-07
      1063      3.8670921E-07
      1064      4.0252664E-07
      1065      3.6247444E-07
      1066      2.6497585E-07
      1067      1.5362027E-07
      1068      1.2734064E-07
      1069      1.9209608E-07
      1070      2.4790539E-07
      1071      1.9211268E-07
      1072      1.5109228E-07
      1073      3.7597823E-07
      1074      2.7646744E-07
      1075      2.0845283E-07
      1076      3.1115902E-07
      1077      3.3565349E-07
      1078      3.6481816E-07
      1079      3.8926726E-07
      1080      4.0097236E-07
      1081      1.5907543E-07
      1082      2.5012880E-07
      1083      2.7244207E-07
      1084      2.8850691E-07
      1085      3.2568322E-07
      1086      2.9964284E-07
      1087      2.4927884E-07
      1088      2.4965605E-07
      1089      3.0482856E-07
      1090      2.5606825E-07
      1091      2.5988334E-07
      1092      2.7602190E-07
      1093      2.5922796E-07
      1094      2.4685057E-07
      1095      2.4455442E-07
      1096      2.2760233E-07
      1097      2.3404392E-07
      1098      2.6439764E-07
      1099      2.6780979E-07
      1100      2.7046540E-07
      1101      2.7697327E-07
      1102      2.7382919E-07
      1103      2.6904537E-07
      1104      2.8658845E-07
      1105      2.8985629E-07
      1106      3.0060400E-07
      1107      3.0788068E-07
      1108      3.0503304E-07
      1109      3.3825166E-07
      1110      3.3660662E-07
      1111      3.4739373E-07
      1112      4.8896501E-07
      1113      3.8964881E-07
      1114      3.6837017E-07
      1115      3.4093014E-07
      1116      3.0697754E-07
      1117      3.3672827E-07
      1118      3.6556862E-07
      1119      3.7469109E-07
      1120      3.8428349E-07
      1121      3.7276992E-07
      1122      6.6120794E-08
      1123      6.3656267E-08
      1124      1.0850739E-07
      1125      2.1923399E-07
      1126      2.9429036E-07
      1127      2.6530631E-07
      1128      2.6942422E-07
      1129      3.5373297E-07
      1130      4.6506606E-07
      1131      2.9117102E-07
      1132      3.1232126E-07
      1133      3.8831496E-07
      1134      3.1722957E-07
      1135      3.0155159E-07
      1136      2.9417983E-07
      1137      2.7956193E-07
      1138      2.9191916E-07
      1139      2.6340190E-07
      1140      2.7653736E-07
      1141      2.9116106E-07
      1142      2.9092802E-07
      1143      2.7260741E-07
      1144      2.6073431E-07
      1145      3.0596070E-07
      1146      2.9099975E-07
      1147      2.2890685E-07
      1148      2.2233018E-07
      1149      2.5094562E-07
      1150      1.7127443E-07
      1151      1.7768998E-07
      1152      1.8347975E-07
      1153      1.7521108E-07
      1154      1.3758044E-07
      1155      3.0753937E-07
      1156      2.9954432E-07
      1157      3.0201069E-07
      1158      2.8002696E-07
      1159      2.8058925E-07
      1160      2.8952583E-07
      1161      2.6567997E-07
      1162      2.5959019E-07
      1163      3.0892660E-07
      1164      3.4687416E-07
      1165      4.2042784E-07
      1166      2.9292359E-07
      1167      2.9780894E-07
      1168      2.8562730E-07
      1169      2.5686393E-07
      1170      2.5120369E-07
      1171      2.1506989E-07
      1172      1.7355082E-07
      1173      1.5802510E-07
      1174      1.7939114E-07
      1175      1.9713921E-07
      1176      2.2316069E-07
      1177      2.3019105E-07
      1178      2.0795206E-07
      1179      2.3580061E-07
      1180      2.1771667E-07
      1181      2.0699338E-07
      1182      2.0535841E-07
      1183      2.2107462E-07
      1184      2.3904443E-07
      1185      2.4169692E-07
      1186      2.1804448E-07
      1187      2.4912602E-07
      1188      2.1543129E-07
      1189      1.8039256E-07
      1190      1.6343034E-07
      1191      2.1952282E-07
      1192      2.6036848E-07
      1193      2.9489076E-07
      1194      2.0228774E-07
      1195      1.7710856E-07
      1196      1.2642169E-07
      1197      1.1954011E-07
      1198      1.2573917E-07
      1199      1.1859018E-07
      1200      9.8057547E-08
      1201      1.0695738E-07
      1202      1.0671784E-07
      1203      9.9386628E-08
      1204      8.9717605E-08
      1205      1.0302434E-07
      1206      1.5285675E-07
      1207      1.5230253E-07
      1208      1.4137515E-07
      1209      2.9951074E-07
      1210      1.8537381E-07
      1211      1.0776020E-07
      1212      8.8682865E-08
      1213      1.6129979E-07
      1214      2.0217455E-07
      1215      1.5958072E-07
      1216      1.3254107E-07
      1217      1.5281696E-07
      1218      1.6713184E-07
      1219      1.9165571E-07
      1220      1.5626176E-07
      1221      1.3806319E-07
      1222      1.1500031E-07
      1223      7.2110327E-08
      1224      1.0875089E-07
      1225      6.0100218E-07
      1226      5.1764174E-07
      1227      4.7436906E-07
      1228      4.6088448E-07
      1229      4.8224079E-07
      1230      5.1211816E-07
      1231      4.5709355E-07
      1232      4.5742670E-07
      1233      4.6540018E-07
      1234      4.5930961E-07
      1235      4.4988155E-07
      1236      4.3521198E-07
      1237      4.4677641E-07
      1238      4.5493720E-07
      1239      4.1739632E-07
      1240      4.0671147E-07
      1241      3.8703835E-07
      1242      3.7311394E-07
      1243      3.5827445E-07
      1244      3.1429324E-07
      1245      3.1797183E-07
      1246      3.3715580E-07
      1247      2.6993537E-07
      1248      2.4999797E-07
      1249      2.2632444E-07
      1250      3.1122104E-07
      1251      3.5530732E-07
      1252      3.6022903E-07
      1253      3.1645644E-07
      1254      2.1716063E-07
      1255      2.1471427E-07
      1256      2.8950498E-07
      1257      4.0209767E-07
      1258      4.3012966E-07
      1259      4.4625976E-07
      1260      4.4164930E-07
      1261      4.6723684E-07
      1262      4.3071990E-07
      1263      5.5505768E-07
      1264      4.7358175E-07
      1265      4.4804393E-07
      1266      4.5752561E-07
      1267      4.5734060E-07
      1268      4.4863425E-07
      1269      4.4940862E-07
      1270      4.4893086E-07
      1271      4.4558055E-07
      1272      4.3996991E-07
      1273      4.6910983E-07
      1274      4.8337679E-07
      1275      5.4417099E-07
      1276      4.6849893E-07
      1277      4.5464176E-07
      1278      4.5291682E-07
      1279      4.3963485E-07
      1280      4.3385924E-07
      1281      4.9175008E-07
      1282      3.4913447E-07
      1283      2.7604682E-07
      1284      3.1786928E-07
      1285      3.8054474E-07
      1286      4.2367029E-07
      1287      4.0988163E-07
      1288      3.7337618E-07
      1289      1.8000290E-07
      1290      1.9697802E-07
      1291      2.0255417E-07
      1292      1.8438794E-07
      1293      1.8015569E-07
      1294      1.7317545E-07
      1295      1.5866311E-07
      1296      1.6813095E-07
      1297      8.1482362E-08
      1298      1.2251571E-07
      1299      1.4433423E-07
      1300      1.3971958E-07
      1301      1.2150705E-07
      1302      1.1070485E-07
      1303      1.2759472E-07
      1304      1.3104708E-07
      1305      1.4462029E-07
      1306      1.1802370E-07
      1307      7.9722408E-08
      1308      1.0758589E-07
      1309      1.2207269E-07
      1310      1.4294511E-07
      1311      1.4383378E-07
      1312      1.3113762E-07
      1313      2.4776121E-07
      1314      2.9058105E-07
      1315      4.4786209E-07
      1316      3.0759538E-07
      1317      2.3840252E-07
      1318      2.1157384E-07
      1319      1.7513828E-07
      1320      2.0177501E-07
      1321      1.0654629E-07
      1322      7.2978811E-08
      1323      1.0283439E-07
      1324      1.1291949E-07
      1325      9.6654690E-08
      1326      9.0764913E-08
      1327      9.2710263E-08
      1328      8.5164164E-08
      1329      6.8569082E-08
      1330      1.5205630E-07
      1331      1.2197155E-07
      1332      1.4271713E-07
      1333      1.2523529E-07
      1334      1.0163550E-07
      1335      9.0290671E-08
      1336      8.9080060E-08
      1337      1.0999735E-07
      1338      1.0361306E-07
      1339      1.0709912E-07
      1340      1.0836015E-07
      1341      2.7748919E-07
      1342      2.4506330E-07
      1343      4.4110792E-07
      1344      9.9888770E-08
      1345      9.5828034E-08
      1346      1.8077514E-07
      1347      1.2470886E-07
      1348      4.9436641E-07
      1349      4.6780499E-07
      1350      4.3528551E-07
      1351      4.5051176E-07
      1352      4.6984179E-07
      1353      4.9119501E-07
      1354      4.7171957E-07
      1355      4.7342298E-07
      1356      5.8539927E-07
      1357      5.1116416E-07
      1358      4.6617110E-07
      1359      4.8111150E-07
      1360      5.0784802E-07
      1361      5.0291313E-07
      1362      4.7241950E-07
      1363      4.6113053E-07
      1364      1.7712487E-07
      1365      1.7967606E-07
      1366      1.9274711E-07
      1367      1.7571255E-07
      1368      1.6244404E-07
      1369      1.8464213E-07
      1370      1.9775056E-07
      1371      1.6327853E-07
      1372      1.4012068E-07
      1373      2.0293040E-07
      1374      2.1689731E-07
      1375      2.7417168E-07
      1376      2.3568949E-07
      1377      2.0804129E-07
      1378      2.7215429E-07
      1379      3.0100496E-07
      1380      2.3906279E-07
      1381      2.0679637E-07
      1382      1.3888321E-07
      1383      2.1574974E-07
      1384      2.5078534E-07
      1385      2.9019669E-07
      1386      3.8367080E-07
      1387      3.1725138E-07
      1388      4.9714747E-08
      1389      3.4068405E-07
      1390      4.6206583E-07
      1391      4.3036576E-07
      1392      3.9959126E-07
      1393      3.7507843E-07
      1394      4.0512936E-07
      1395      4.5779883E-07
      1396      4.8359182E-07
      1397      3.6849118E-07
      1398      1.3780811E-07
      1399      1.5760446E-07
      1400      1.1764337E-07
      1401      1.2520494E-07
      1402      1.2447712E-07
      1403      1.2891104E-07
      1404      1.1552868E-07
      1405      4.0117652E-07
      1406      3.8106109E-07
      1407      3.5394575E-07
      1408      3.7075497E-07
      1409      3.8404619E-07
      1410      4.0004863E-07
      1411      4.0442786E-07
      1412      3.9316161E-07
      1413      4.3135241E-07
      1414      4.2601453E-07
      1415      4.1592363E-07
      1416      4.1116806E-07
      1417      4.1914617E-07
      1418      4.2357630E-07
      1419      4.2148161E-07
      1420      4.1887746E-07
      1421      4.3179363E-07
      1422      4.3048455E-07
      1423      4.3245665E-07
      1424      4.2557069E-07
      1425      4.2360941E-07
      1426      4.1942780E-07
      1427      4.1945004E-07
      1428      4.2097217E-07
      1429      5.0199434E-07
      1430      4.6858618E-07
      1431      4.5794701E-07
      1432      4.3317037E-07
      1433      4.3387833E-07
      1434      4.3310875E-07
      1435      4.0950081E-07
      1436      4.1761193E-07
      1437      1.1215187E-07
      1438      1.6452084E-07
      1439      2.3077584E-07
      1440      1.5099778E-07
      1441      1.0831178E-07
      1442      8.9889451E-08
      1443      8.1074071E-08
      1444      1.0385924E-07
      1445      1.4100768E-07
      1446      1.1124140E-07
      1447      6.9624428E-08
      1448      1.0501932E-07
      1449      1.2997191E-07
      1450      1.4124866E-07
      1451      1.6713058E-07
      1452      1.4692854E-07
      1453      1.3986841E-07
      1454      1.2619261E-07
      1455      8.7425292E-08
      1456      1.0254837E-07
      1457      1.0491122E-07
      1458      9.9789077E-08
      1459      9.9999040E-08
      1460      2.5060535E-07
      1461      2.4746557E-07
      1462      2.4141223E-07
      1463      2.7309860E-07
      1464      2.8063142E-07
      1465      2.7948676E-07
      1466      3.5652042E-07
      1467      3.0889627E-07
      1468      3.1595912E-07
      1469      2.7363266E-07
      1470      2.4000548E-07
      1471      2.3399183E-07
      1472      2.9949507E-07
      1473      3.4828777E-07
      1474      4.0854404E-07
      1475      2.9402039E-07
      1476      2.8010167E-07
      1477      3.0100614E-07
      1478      3.4014266E-07
      1479      3.5952175E-07
      1480      3.4166242E-07
      1481      3.0571255E-07
      1482      3.1895638E-07
      1483      3.7449065E-07
      1484      2.5353358E-07
      1485      3.0639941E-07
      1486      4.0086972E-07
      1487      3.3925978E-07
      1488      2.9708217E-07
      1489      2.4327840E-07
      1490      2.0967540E-07
      1491      2.5144893E-07
      1492      1.7227870E-07
      1493      1.8327116E-07
      1494      1.9746886E-07
      1495      1.8643467E-07
      1496      1.7421080E-07
      1497      1.6418261E-07
      1498      1.5534550E-07
      1499      1.6076243E-07
      1500      1.4977027E-07
      1501      1.5671201E-07
      1502      1.6572296E-07
      1503      1.5743120E-07
      1504      1.4992286E-07
      1505      1.4536549E-07
      1506      1.3796443E-07
      1507      1.3939745E-07
      1508      1.3059194E-07
      1509      1.3423980E-07
      1510      1.4065423E-07
      1511      1.3758169E-07
      1512      1.3399310E-07
      1513      1.3161579E-07
      1514      1.3237610E-07
      1515      1.3297186E-07
      1516      1.4431952E-07
      1517      1.3662097E-07
      1518      1.3214926E-07
      1519      1.3262302E-07
      1520      1.3623989E-07
      1521      1.4120892E-07
      1522      1.3886342E-07
      1523      1.3459800E-07
      1524      1.7946229E-07
      1525      1.6647783E-07
      1526      1.5470419E-07
      1527      1.4909649E-07
      1528      1.5837165E-07
      1529      1.6503848E-07
      1530      1.5435592E-07
      1531      1.4888405E-07
      1532      2.1011477E-07
      1533      2.0558631E-07
      1534      1.9466250E-07
      1535      1.7822619E-07
      1536      1.8450009E-07
      1537      1.8451301E-07
      1538      1.6068838E-07
      1539      1.6196524E-07
      1540      1.6674162E-07
      1541      1.8599529E-07
      1542      1.9986028E-07
      1543      1.7700030E-07
      1544      1.6600571E-07
      1545      1.5264371E-07
      1546      1.4244256E-07
      1547      1.5078397E-07
      1548      8.0591578E-08
      1549      1.2122717E-07
      1550      1.4032264E-07
      1551      1.3371774E-07
      1552      1.1697145E-07
      1553      1.0534811E-07
      1554      1.1495934E-07
      1555      1.2124185E-07
      1556      4.4091712E-07
      1557      2.9855574E-07
      1558      2.5569321E-07
      1559      2.3137382E-07
      1560      2.5974089E-07
      1561      3.0043970E-07
      1562      2.3659000E-07
      1563      2.1725412E-07
      1564      1.6854997E-07
      1565      2.0926490E-07
      1566      2.9013167E-07
      1567      2.2736719E-07
      1568      2.0111076E-07
      1569      1.7345364E-07
      1570      1.7120929E-07
      1571      1.9414410E-07
      1572      2.3364477E-07
      1573      2.5135056E-07
      1574      3.1191144E-07
      1575      2.7662618E-07
      1576      2.6991836E-07
      1577      2.4723764E-07
      1578      2.7155678E-07
      1579      2.8209845E-07
      1580      1.6973819E-07
      1581      1.8939265E-07
      1582      2.0968672E-07
      1583      2.0853411E-07
      1584      1.8653346E-07
      1585      1.7688157E-07
      1586      1.8048983E-07
      1587      1.9411630E-07
      1588      2.2422529E-07
      1589      2.2337264E-07
      1590      2.2342657E-07
      1591      2.3947068E-07
      1592      2.4203027E-07
      1593      2.4514646E-07
      1594      2.5313478E-07
      1595      2.5535611E-07
      1596      1.8737452E-07
      1597      1.9910581E-07
      1598      2.1419071E-07
      1599      2.1767588E-07
      1600      2.0319302E-07
      1601      1.9489780E-07
      1602      1.9494449E-07
      1603      2.0345957E-07
      1604      2.3597317E-07
      1605      2.1817131E-07
      1606      2.1798802E-07
      1607      2.0552718E-07
      1608      2.0994985E-07
      1609      2.1471004E-07
      1610      1.8740158E-07
      1611      1.8438551E-07
      1612      2.1234776E-07
      1613      2.0015365E-07
      1614      1.8455737E-07
      1615      1.7682862E-07
      1616      1.8825944E-07
      1617      1.9838065E-07
      1618      1.8646961E-07
      1619      1.8736419E-07
      1620      1.6632446E-07
      1621      1.4659917E-07
      1622      1.3540999E-07
      1623      1.2382873E-07
      1624      1.4208846E-07
      1625      1.5719842E-07
      1626      1.5848695E-07
      1627      1.3684455E-07
      1628      1.3077723E-07
      1629      1.2375397E-07
      1630      1.2063519E-07
      1631      1.2484921E-07
      1632      1.2627868E-07
      1633      1.3041973E-07
      1634      1.2453921E-07
      1635      1.2472640E-07
      1636      1.2102625E-07
      1637      1.2462383E-07
      1638      1.3004756E-07
      1639      1.2657062E-07
      1640      1.2500774E-07
      1641      1.2519792E-07
      1642      1.2645452E-07
      1643      1.2283239E-07
      1644      1.3505401E-07
      1645      1.4043678E-07
      1646      1.4325429E-07
      1647      1.3323996E-07
      1648      1.3226628E-07
      1649      1.2873211E-07
      1650      1.2417783E-07
      1651      1.2432160E-07
      1652      1.4534464E-07
      1653      1.4588523E-07
      1654      1.4488842E-07
      1655      1.3659729E-07
      1656      1.3641140E-07
      1657      1.3494881E-07
      1658      1.2601939E-07
      1659      1.2651346E-07
      1660      1.4401858E-07
      1661      1.4072715E-07
      1662      1.3734401E-07
      1663      1.3059473E-07
      1664      1.3144000E-07
      1665      1.3473578E-07
      1666      1.2512068E-07
      1667      1.2410665E-07
      1668      1.3351223E-07
      1669      1.3111334E-07
      1670      1.2976709E-07
      1671      1.2586491E-07
      1672      1.2708322E-07
      1673      1.2866210E-07
      1674      1.2260943E-07
      1675      1.2128513E-07
      1676      1.2842844E-07
      1677      1.2939824E-07
      1678      1.3097172E-07
      1679      1.2621094E-07
      1680      1.2524374E-07
      1681      1.2510218E-07
      1682      1.2084930E-07
      1683      1.1984143E-07
      1684      1.3202529E-07
      1685      1.3572014E-07
      1686      1.3932314E-07
      1687      1.3074479E-07
      1688      1.2822438E-07
      1689      1.2630427E-07
      1690      1.2112334E-07
      1691      1.2167892E-07
      1692      1.4375406E-07
      1693      1.4933994E-07
      1694      1.5881052E-07
      1695      1.4272347E-07
      1696      1.3809826E-07
      1697      1.3366153E-07
      1698      1.2382103E-07
      1699      1.2677518E-07
      1700      1.7969706E-07
      1701      2.0887989E-07
      1702      2.9087400E-07
      1703      1.7305022E-07
      1704      1.5947348E-07
      1705      1.5044969E-07
      1706      1.3100373E-07
      1707      1.3276778E-07
      1708      2.6489612E-07
      1709      1.7704379E-07
      1710      1.3645658E-07
      1711      1.2139984E-07
      1712      1.5483992E-07
      1713      1.7277755E-07
      1714      1.2902338E-07
      1715      1.2711477E-07
      1716      3.9790384E-07
      1717      2.4875635E-07
      1718      1.9869463E-07
      1719      1.8738121E-07
      1720      2.1483484E-07
      1721      2.8418172E-07
      1722      2.2418134E-07
      1723      1.9156562E-07
      1724      1.5952898E-07
      1725      1.4578860E-07
      1726      1.3910991E-07
      1727      1.3967632E-07
      1728      1.4046647E-07
      1729      1.4992763E-07
      1730      1.2366943E-07
      1731      1.1015838E-07
      1732      9.2491812E-08
      1733      9.0722669E-08
      1734      1.2922007E-07
      1735      9.4400937E-08
      1736      8.1673914E-08
      1737      1.3358440E-07
      1738      1.0727637E-07
      1739      7.7246623E-08
      1740      1.2415461E-07
      1741      3.8253987E-07
      1742      6.7758814E-08
      1743      1.0921283E-07
      1744      1.4352254E-07
      1745      1.4557657E-07
      1746      1.4221646E-07
      1747      1.8424974E-07
      1748      1.5136223E-07
      1749      1.5108178E-07
      1750      1.4938936E-07
      1751      1.2976098E-07
      1752      1.2367847E-07
      1753      1.4333059E-07
      1754      1.3111724E-07
      1755      1.0601629E-07
      1756      1.5110508E-07
      1757      1.6327404E-07
      1758      1.7230660E-07
      1759      1.6584122E-07
      1760      1.5042716E-07
      1761      1.3878800E-07
      1762      1.1379335E-07
      1763      1.2847853E-07
      1764      1.9501233E-07
      1765      1.7692607E-07
      1766      1.7972810E-07
      1767      1.7990371E-07
      1768      1.8434816E-07
      1769      2.1694821E-07
      1770      1.9739921E-07
      1771      1.7740702E-07
      1772      1.7010690E-07
      1773      1.7249271E-07
      1774      1.7456108E-07
      1775      1.5787422E-07
      1776      1.4032543E-07
      1777      1.6150147E-07
      1778      1.5864358E-07
      1779      1.2761143E-07
      1780      1.5342966E-07
      1781      1.5579024E-07
      1782      1.9212426E-07
      1783      1.6118261E-07
      1784      1.1462030E-07
      1785      1.5234280E-07
      1786      1.6500173E-07
      1787      8.1233691E-08
      1788      1.7069934E-07
      1789      1.9801106E-07
      1790      9.6224046E-08
      1791      1.2466715E-07
      1792      1.3774922E-07
      1793      1.5471389E-07
      1794      1.6596864E-07
      1795      1.3632452E-07
      1796      1.2841622E-07
      1797      1.1749322E-07
      1798      1.1055572E-07
      1799      1.2615838E-07
      1800      1.3721560E-07
      1801      1.3314495E-07
      1802      1.1589667E-07
      1803      1.1636818E-07
      1804      1.1633515E-07
      1805      1.1637765E-07
      1806      1.0814404E-07
      1807      1.0950843E-07
      1808      1.1024718E-07
      1809      1.0030006E-07
      1810      1.0680701E-07
      1811      1.1707239E-07
      1812      1.2085328E-07
      1813      1.2138508E-07
      1814      1.1373723E-07
      1815      1.1248863E-07
      1816      1.0497723E-07
      1817      9.4477242E-08
      1818      9.7696817E-08
      1819      1.1628033E-07
      1820      1.1712707E-07
      1821      1.1823690E-07
      1822      1.1355413E-07
      1823      1.1271088E-07
      1824      1.1363051E-07
      1825      1.1292427E-07
      1826      1.1574696E-07
      1827      1.1753104E-07
      1828      1.1566323E-07
      1829      1.1461765E-07
      1830      1.0949175E-07
      1831      1.1053674E-07
      1832      1.1288322E-07
      1833      1.0645359E-07
      1834      1.0423283E-07
      1835      1.1374443E-07
      1836      1.1480315E-07
      1837      1.1517724E-07
      1838      1.0981506E-07
      1839      1.0957595E-07
      1840      1.0900201E-07
      1841      1.0378754E-07
      1842      1.0472769E-07
      1843      1.1466436E-07
      1844      1.1446197E-07
      1845      1.1429321E-07
      1846      1.0752873E-07
      1847      1.0938404E-07
      1848      1.0996675E-07
      1849      1.0851349E-07
      1850      1.0888607E-07
      1851      1.1450090E-07
      1852      1.1516026E-07
      1853      1.1453070E-07
      1854      1.0095758E-07
      1855      1.0423130E-07
      1856      1.0637816E-07
      1857      9.9460522E-08
      1858      9.2217445E-08
      1859      1.1539923E-07
      1860      1.1610170E-07
      1861      1.0013686E-07
      1862      7.9106010E-08
      1863      9.8399571E-08
      1864      1.0189869E-07
      1865      9.2837428E-08
      1866      8.8805257E-08
      1867      9.0748705E-08
      1868      9.7396153E-08
      1869      1.1622474E-07
      1870      2.0409247E-07
      1871      1.7923138E-07
      1872      1.4774409E-07
      1873      1.3386161E-07
      1874      1.4514495E-07
      1875      1.6074941E-07
      1876      1.4556689E-07
      1877      1.3736315E-07
      1878      1.1834719E-07
      1879      8.0664513E-08
      1880      8.7897394E-08
      1881      1.2789231E-07
      1882      1.4419666E-07
      1883      2.9398128E-07
      1884      1.2668093E-07
      1885      8.6463771E-08
      1886      1.0091333E-07
      1887      1.6198200E-07
      1888      1.0800302E-07
      1889      1.0857620E-07
      1890      2.2918436E-07
      1891      4.0449746E-07
      1892      1.1643781E-07
      1893      1.1353744E-07
      1894      1.7645499E-07
      1895      3.8032873E-07
      1896      1.2138951E-07
      1897      1.0509878E-07
      1898      1.0671463E-07
      1899      1.2550659E-07
      1900      9.0746251E-08
      1901      8.2010864E-08
      1902      1.0403973E-07
      1903      7.8092811E-08
      1904      9.1206770E-08
      1905      1.2201002E-07
      1906      1.1578007E-07
      1907      1.0730729E-07
      1908      9.2790642E-08
      1909      1.1447412E-07
      1910      1.4949858E-07
      1911      9.7690922E-08
      1912      9.6653397E-08
      1913      9.6386355E-08
      1914      8.8533295E-08
      1915      8.8739321E-08
      1916      8.9658801E-08
      1917      8.5035556E-08
      1918      8.3481237E-08
      1919      9.7111084E-08
      1920      1.0270425E-07
      1921      1.0360197E-07
      1922      9.8683040E-08
      1923      9.6390420E-08
      1924      8.8572848E-08
      1925      7.8808364E-08
      1926      8.1741128E-08
      1927      1.0321134E-07
      1928      1.1045403E-07
      1929      1.0588913E-07
      1930      1.0331909E-07
      1931      8.6241813E-08
      1932      1.0516664E-07
      1933      1.1396876E-07
      1934      8.1655253E-08
      1935      7.5434695E-08
      1936      1.0244773E-07
      1937      7.7521041E-08
      1938      7.5616828E-08
      1939      1.0993021E-07
      1940      4.1911875E-07
      1941      1.1818773E-07
      1942      1.0852807E-07
      1943      1.5051840E-07
      1944      1.3471900E-07
      1945      1.4619173E-07
      1946      2.2727507E-07
      1947      2.9139583E-07
      1948      7.4405171E-08
      1949      6.9296264E-08
      1950      8.4863253E-08
      1951      6.5453330E-08
      1952      6.4235821E-08
      1953      1.0657004E-07
      1954      2.4377555E-07
      1955      3.9592219E-07
      1956      4.0668981E-07
      1957      4.1027639E-07
      1958      4.1672720E-07
      1959      4.0432359E-07
      1960      3.9122906E-07
      1961      3.9270117E-07
      1962      4.0865175E-07
      1963      4.1844951E-07
      1964      4.2424204E-07
      1965      4.2050337E-07
      1966      4.2456207E-07
      1967      4.2494318E-07
      1968      4.2395107E-07
      1969      4.2855716E-07
      1970      4.3367962E-07
      1971      4.1695036E-07
      1972      4.1614892E-07
      1973      4.1228626E-07
      1974      4.1726497E-07
      1975      4.1992828E-07
      1976      4.2476254E-07
      1977      4.3006164E-07
      1978      4.2565321E-07
      1979      4.0208022E-07
      1980      3.9474165E-07
      1981      3.8992569E-07
      1982      3.9019626E-07
      1983      4.0006915E-07
      1984      4.1018064E-07
      1985      4.1193124E-07
      1986      4.0416359E-07
      1987      4.0072493E-07
      1988      4.2308875E-07
      1989      4.9312758E-07
      1990      4.1454349E-07
      1991      3.9604457E-07
      1992      3.8769530E-07
      1993      3.8411990E-07
      1994      3.8796964E-07
      1995      2.6189768E-07
      1996      2.6127159E-07
      1997      2.6557614E-07
      1998      2.7719092E-07
      1999      2.7214301E-07
      2000      2.6774662E-07
      2001      2.7013028E-07
      2002      2.7416030E-07
      2003      2.7766847E-07
      2004      2.8531211E-07
      2005      2.9601780E-07
      2006      3.0078386E-07
      2007      2.9022155E-07
      2008      2.8256807E-07
      2009      2.8732502E-07
      2010      2.9390542E-07
      2011      3.1071002E-07
      2012      3.1994674E-07
      2013      3.3609636E-07
      2014      3.3545542E-07
      2015      3.2265544E-07
      2016      3.1209932E-07
      2017      3.1560768E-07
      2018      3.2648107E-07
      2019      3.4604063E-07
      2020      3.7437368E-07
      2021      4.7157367E-07
      2022      3.8729963E-07
      2023      3.7868293E-07
      2024      3.5403877E-07
      2025      3.5697411E-07
      2026      3.6738511E-07
      2027      4.8571911E-07
      2028      5.0534615E-07
      2029      5.3824431E-07
      2030      4.6155607E-07
      2031      5.0419112E-07
      2032      4.8852978E-07
      2033      4.9299141E-07
      2034      4.8768177E-07
      2035      4.6917176E-07
      2036      4.7593186E-07
      2037      4.7748335E-07
      2038      4.7998560E-07
      2039      4.7270626E-07
      2040      4.7253366E-07
      2041      4.7279856E-07
      2042      4.7601120E-07
      2043      4.6402657E-07
      2044      4.5738214E-07
      2045      4.6578983E-07
      2046      4.6475281E-07
      2047      4.6159381E-07
      2048      4.6558520E-07
      2049      4.6025725E-07
      2050      4.5954814E-07
      2051      5.2639358E-07
      2052      4.7134748E-07
      2053      4.6609933E-07
      2054      4.6751804E-07
      2055      4.6113308E-07
      2056      4.7520698E-07
      2057      4.5153804E-07
      2058      4.5216407E-07
      2059      3.1413283E-07
      2060      3.5331581E-07
      2061      4.9764023E-07
      2062      4.3075641E-07
      2063      3.9279901E-07
      2064      3.3502245E-07
      2065      3.5104730E-07
      2066      3.8302806E-07
      2067      4.4135200E-07
      2068      3.5633755E-07
      2069      3.1611404E-07
      2070      3.3029626E-07
      2071      3.4989823E-07
      2072      3.8559560E-07
      2073      3.5662037E-07
      2074      3.3639169E-07
      2075      3.2671501E-07
      2076      3.9458946E-07
      2077      4.5443495E-07
      2078      3.8730303E-07
      2079      3.8214637E-07
      2080      3.3724482E-07
      2081      3.3529022E-07
      2082      3.5735282E-07
      2083      3.1904947E-07
      2084      3.1519805E-07
      2085      3.1783425E-07
      2086      3.2475961E-07
      2087      3.2161689E-07
      2088      3.2758341E-07
      2089      3.2565034E-07
      2090      3.2521877E-07
      2091      4.5020925E-07
      2092      3.8503282E-07
      2093      3.2605853E-07
      2094      3.3577702E-07
      2095      3.7815119E-07
      2096      3.9217129E-07
      2097      3.7039625E-07
      2098      3.5747339E-07
      2099      3.2471879E-07
      2100      3.5662681E-07
      2101      4.3750865E-07
      2102      3.7923919E-07
      2103      3.7415179E-07
      2104      3.3968277E-07
      2105      3.4329866E-07
      2106      3.5800997E-07
      2107      3.9548579E-07
      2108      3.4962293E-07
      2109      3.2618761E-07
      2110      3.3957351E-07
      2111      3.5775505E-07
      2112      3.5316410E-07
      2113      3.5343883E-07
      2114      3.5092493E-07
      2115      3.6950133E-07
      2116      3.4545173E-07
      2117      3.4190134E-07
      2118      3.1295981E-07
      2119      2.9602127E-07
      2120      2.7822147E-07
      2121      2.4202691E-07
      2122      2.6738049E-07
      2123      1.8659076E-07
      2124      1.9950680E-07
      2125      2.1750387E-07
      2126      2.4513649E-07
      2127      2.3346183E-07
      2128      2.1770765E-07
      2129      2.6094521E-07
      2130      2.6187442E-07
      2131      4.0013922E-07
      2132      4.0289473E-07
      2133      4.2267746E-07
      2134      3.0462963E-07
      2135      3.3549703E-07
      2136      3.5326858E-07
      2137      3.1321672E-07
      2138      2.8897210E-07
      2139      3.4444938E-07
      2140      3.5565511E-07
      2141      3.8803801E-07
      2142      2.9599889E-07
      2143      3.1222249E-07
      2144      3.1825613E-07
      2145      2.9655695E-07
      2146      2.8528608E-07
      2147      2.8100639E-07
      2148      2.6735603E-07
      2149      2.3392846E-07
      2150      2.2709843E-07
      2151      2.5706910E-07
      2152      2.6063840E-07
      2153      2.3821212E-07
      2154      2.0673463E-07
      2155      5.2039012E-07
      2156      3.2656402E-07
      2157      2.0514485E-07
      2158      1.7356152E-07
      2159      1.5333275E-07
      2160      1.5139425E-07
      2161      1.6099799E-07
      2162      1.5300598E-07
      2163      1.4250126E-07
      2164      1.4072714E-07
      2165      1.5171554E-07
      2166      1.3496191E-07
      2167      1.4593965E-07
      2168      1.7290609E-07
      2169      1.5309284E-07
      2170      1.0982772E-07
      2171      1.0426971E-07
      2172      2.8752697E-07
      2173      2.6329560E-07
      2174      2.2501925E-07
      2175      2.0386923E-07
      2176      2.4753628E-07
      2177      2.8029607E-07
      2178      2.9073721E-07
      2179      2.4775973E-07
      2180      1.5573126E-07
      2181      1.4612916E-07
      2182      1.2918612E-07
      2183      1.3234611E-07
      2184      1.4274109E-07
      2185      1.5971014E-07
      2186      1.7375521E-07
      2187      1.4639647E-07
      2188      1.2696744E-07
      2189      1.2772339E-07
      2190      1.3566609E-07
      2191      1.5835535E-07
      2192      1.5878475E-07
      2193      1.4770851E-07
      2194      1.7936944E-07
      2195      1.7553237E-07
      2196      8.4698472E-08
      2197      7.8978192E-08
      2198      7.6266147E-08
      2199      6.7844626E-08
      2200      6.6764470E-08
      2201      6.8770546E-08
      2202      5.9979655E-08
      2203      5.7493504E-08
      2204      1.6107917E-07
      2205      1.2872715E-07
      2206      1.0255053E-07
      2207      7.4112842E-08
      2208      8.8065848E-08
      2209      1.0697625E-07
      2210      8.1121687E-08
      2211      6.8822552E-08
      2212      4.7286937E-08
      2213      7.6420719E-08
      2214      1.1545977E-07
      2215      1.0276326E-07
      2216      7.5857427E-08
      2217      5.7703074E-08
      2218      4.4947055E-08
      2219      4.5722781E-08
      2220      1.0805247E-07
      2221      8.0214184E-08
      2222      5.6368141E-08
      2223      5.7089915E-08
      2224      6.3164782E-08
      2225      8.2329001E-08
      2226      6.0601363E-08
      2227      5.4819168E-08
      2228      1.7033729E-07
      2229      1.5039344E-07
      2230      1.2767361E-07
      2231      1.0165804E-07
      2232      1.2745733E-07
      2233      1.4635366E-07
      2234      8.5964432E-08
      2235      7.7358844E-08
      2236      2.3644957E-07
      2237      2.1542981E-07
      2238      1.9284815E-07
      2239      1.6024283E-07
      2240      1.7061859E-07
      2241      1.8072200E-07
      2242      1.1898343E-07
      2243      1.0868319E-07
      2244      3.8816125E-07
      2245      2.8560039E-07
      2246      2.5331408E-07
      2247      1.9102800E-07
      2248      1.9990338E-07
      2249      2.1650148E-07
      2250      1.2945670E-07
      2251      1.2839467E-07
      2252      2.2089485E-07
      2253      2.7118407E-07
      2254      3.5175792E-07
      2255      2.2852608E-07
      2256      2.2468933E-07
      2257      1.8227583E-07
      2258      1.3016041E-07
      2259      1.3090513E-07
      2260      1.4848479E-07
      2261      1.6828564E-07
      2262      1.9121434E-07
      2263      1.5790805E-07
      2264      1.3481523E-07
      2265      1.1465820E-07
      2266      9.5498470E-08
      2267      1.1229910E-07
      2268      7.9238568E-08
      2269      9.1050753E-08
      2270      1.0503949E-07
      2271      9.1386463E-08
      2272      7.9395312E-08
      2273      7.1922269E-08
      2274      6.2197290E-08
      2275      7.0031972E-08
      2276      1.1990448E-07
      2277      1.0777159E-07
      2278      1.0282377E-07
      2279      7.6387633E-08
      2280      8.5114269E-08
      2281      9.5527056E-08
      2282      7.2674177E-08
      2283      6.9669285E-08
      2284      2.4133778E-07
      2285      1.0634580E-07
      2286      1.2613769E-07
      2287      1.3228259E-07
      2288      9.1095078E-08
      2289      8.5994695E-08
      2290      6.0509124E-08
      2291      6.5546098E-08
      2292      2.0286072E-07
      2293      1.1384045E-07
      2294      6.9414264E-08
      2295      6.5404435E-08
      2296      6.2131757E-08
      2297      7.1293517E-08
      2298      1.2110473E-07
      2299      1.1646041E-07
      2300      1.0054183E-07
      2301      7.6365705E-08
      2302      8.8289463E-08
      2303      9.1506170E-08
      2304      7.4870389E-08
      2305      7.0139738E-08
      2306      1.9059056E-07
      2307      1.6996545E-07
      2308      1.5015003E-07
      2309      1.2664625E-07
      2310      1.4540809E-07
      2311      1.6553799E-07
      2312      1.4166727E-07
      2313      1.2309579E-07
      2314      3.3931760E-07
      2315      2.5177238E-07
      2316      2.1741098E-07
      2317      1.8696683E-07
      2318      2.1760509E-07
      2319      2.1689125E-07
      2320      1.7699454E-07
      2321      1.6587525E-07
      2322      2.2476151E-07
      2323      2.5858785E-07
      2324      3.3949278E-07
      2325      2.1037971E-07
      2326      2.1411666E-07
      2327      1.8284752E-07
      2328      1.5809108E-07
      2329      1.7207568E-07
      2330      2.1925898E-07
      2331      2.0478336E-07
      2332      2.0509645E-07
      2333      1.6551029E-07
      2334      1.5767160E-07
      2335      1.5795409E-07
      2336      9.6926497E-08
      2337      1.0825263E-07
      2338      1.1998106E-07
      2339      9.3584486E-08
      2340      9.3422791E-08
      2341      8.2479919E-08
      2342      7.6905646E-08
      2343      7.5420776E-08
      2344      5.9985678E-08
      2345      6.3633241E-08
      2346      7.5215594E-08
      2347      8.4129888E-08
      2348      1.1693108E-07
      2349      7.3639879E-08
      2350      6.5097668E-08
      2351      5.7368900E-08
      2352      4.6030977E-08
      2353      5.1564082E-08
      2354      9.4494869E-08
      2355      8.3892400E-08
      2356      7.7582705E-08
      2357      5.8106794E-08
      2358      6.0367593E-08
      2359      6.7053972E-08
      2360      5.6021572E-08
      2361      5.0333013E-08
      2362      1.1073930E-07
      2363      1.3663452E-07
      2364      1.4226918E-07
      2365      9.4283127E-08
      2366      1.0408212E-07
      2367      9.6397224E-08
      2368      5.4797800E-08
      2369      5.9819629E-08
      2370      4.9918169E-08
      2371      5.1861415E-08
      2372      8.3065615E-08
      2373      7.0846991E-08
      2374      5.8538621E-08
      2375      5.6709020E-08
      2376      5.1158258E-08
      2377      5.2524368E-08
      2378      1.1678224E-07
      2379      9.9430107E-08
      2380      7.1238516E-08
      2381      6.1173279E-08
      2382      7.2617560E-08
      2383      8.7909978E-08
      2384      7.4365824E-08
      2385      6.4495338E-08
      2386      2.6409994E-07
      2387      1.3265725E-07
      2388      1.4101232E-07
      2389      9.7982428E-08
      2390      1.1304812E-07
      2391      1.0057530E-07
      2392      8.0529221E-08
      2393      8.5515361E-08
      2394      7.7141518E-08
      2395      7.7567961E-08
      2396      1.9371966E-07
      2397      7.8942399E-08
      2398      7.2804720E-08
      2399      6.9208249E-08
      2400      6.0188871E-08
      2401      6.4298611E-08
      2402      7.2931503E-08
      2403      7.5671921E-08
      2404      7.6851877E-08
      2405      6.6921821E-08
      2406      6.4498051E-08
      2407      6.2938668E-08
      2408      5.0594767E-08
      2409      5.5185046E-08
      2410      9.4425601E-08
      2411      6.8744286E-08
      2412      7.0733515E-08
      2413      6.0062759E-08
      2414      5.7972133E-08
      2415      8.1922088E-08
      2416      6.2572374E-08
      2417      4.7879153E-08
      2418      2.1036274E-07
      2419      1.6926622E-07
      2420      1.2329767E-07
      2421      1.0741410E-07
      2422      1.3494785E-07
      2423      1.6436508E-07
      2424      1.3108300E-07
      2425      1.1090321E-07
      2426      2.5679049E-07
      2427      2.6395176E-07
      2428      2.4084075E-07
      2429      1.8798420E-07
      2430      2.0141022E-07
      2431      2.0032205E-07
      2432      1.4303264E-07
      2433      1.4001313E-07
      2434      3.7267282E-07
      2435      2.8872044E-07
      2436      2.4890014E-07
      2437      2.0172805E-07
      2438      2.2134126E-07
      2439      2.3772648E-07
      2440      1.4133159E-07
      2441      1.4479387E-07
      2442      2.2425423E-07
      2443      2.6302546E-07
      2444      3.5129665E-07
      2445      2.3702742E-07
      2446      2.2397378E-07
      2447      1.8881681E-07
      2448      1.1782332E-07
      2449      1.2600859E-07
      2450      1.7144918E-07
      2451      1.7346575E-07
      2452      1.9631863E-07
      2453      1.6115386E-07
      2454      1.4173516E-07
      2455      1.2703789E-07
      2456      9.9613447E-08
      2457      1.1194440E-07
      2458      3.1276429E-07
      2459      3.6977077E-07
      2460      4.4090849E-07
      2461      1.4130465E-07
      2462      2.9590537E-07
      2463      9.1626842E-08
      2464      8.0035914E-08
      2465      1.3955209E-07
      2466      1.4936613E-07
      2467      1.5934242E-07
      2468      2.9466683E-07
      2469      9.3877004E-08
      2470      1.3217972E-07
      2471      1.0718728E-07
      2472      1.7304677E-07
      2473      9.8544390E-08
      2474      8.5201482E-08
      2475      1.5647111E-07
      2476      9.0706672E-08
      2477      8.4785052E-08
      2478      7.7900226E-08
      2479      2.2861622E-07
      2480      6.3236746E-08
      2481      1.4497717E-07
      2482      1.4759099E-07
      2483      9.5591945E-08
      2484      1.2103292E-07
      2485      2.2341583E-07
      2486      7.7664308E-08
      2487      9.8009923E-08
      2488      4.9458593E-08
      2489      7.6884873E-08
      2490      7.6054486E-08
      2491      1.0786638E-07
      2492      1.3643771E-07
      2493      8.6194440E-08
      2494      1.3650706E-07
      2495      2.1055658E-07
      2496      1.4399294E-07
      2497      1.5819550E-07
      2498      1.3770191E-07
      2499      9.6567876E-08
      2500      1.0266625E-07
      2501      1.3017741E-07
      2502      2.5357871E-07
      2503      1.0380613E-07
      2504      1.5073230E-07
      2505      2.4026481E-07
      2506      1.5905827E-07
      2507      5.3653154E-08
      2508      5.5908604E-08
      2509      8.0712799E-08
      2510      1.3211667E-07
      2511      1.0617255E-07
      2512      1.0445100E-07
      2513      9.5860526E-08
      2514      8.8520467E-08
      2515      8.6234544E-08
      2516      8.0550908E-08
      2517      6.9101494E-08
      2518      8.0579801E-08
      2519      8.7439666E-08
      2520      8.4843696E-08
      2521      7.0570289E-08
      2522      2.0793191E-07
      2523      2.4815707E-08
      2524      2.7336465E-08
      2525      4.6653845E-08
      2526      4.3347457E-08
      2527      4.3323751E-08
      2528      5.3126674E-08
      2529      5.6442668E-08
      2530      4.8628587E-08
      2531      4.2196256E-08
      2532      6.9848962E-08
      2533      6.9849646E-08
      2534      6.8025645E-08
      2535      5.8623972E-08
      2536      6.0931124E-08
      2537      6.1402991E-08
      2538      5.4848706E-08
      2539      5.3206942E-08
      2540      4.5274284E-08
      2541      5.1961396E-08
      2542      6.7654966E-08
      2543      6.8264736E-08
      2544      5.1276793E-08
      2545      4.0969123E-08
      2546      3.1844999E-08
      2547      5.1702846E-08
      2548      5.3141289E-08
      2549      4.2256536E-08
      2550      3.7936094E-08
      2551      3.0915127E-08
      2552      1.5253483E-08
      2553      2.5413769E-08
      2554      5.5560118E-08
      2555      5.7692800E-08
      2556      6.0481493E-08
      2557      4.9039036E-08
      2558      4.3832188E-08
      2559      4.9456273E-08
      2560      3.6691746E-08
      2561      2.8736555E-08
      2562      1.3839221E-07
      2563      1.2413875E-07
      2564      1.2395129E-07
      2565      1.1012498E-07
      2566      1.1164207E-07
      2567      1.0522243E-07
      2568      9.1577278E-08
      2569      9.5586226E-08
      2570      1.4374861E-07
      2571      1.4674792E-07
      2572      1.5893082E-07
      2573      1.4671211E-07
      2574      1.4479535E-07
      2575      1.4069201E-07
      2576      1.3891613E-07
      2577      1.4250637E-07
      2578      5.3991075E-08
      2579      6.3681980E-08
      2580      7.9498045E-08
      2581      7.6059344E-08
      2582      5.8240487E-08
      2583      5.0917855E-08
      2584      4.6826082E-08
      2585      5.3904752E-08
      2586      9.2891723E-08
      2587      1.0636096E-07
      2588      1.1783761E-07
      2589      1.2321108E-07
      2590      1.1183219E-07
      2591      9.5623830E-08
      2592      1.0470791E-07
      2593      1.1796574E-07
      2594      1.3022238E-07
      2595      1.2466854E-07
      2596      1.2475911E-07
      2597      1.1113785E-07
      2598      1.0734998E-07
      2599      9.8774045E-08
      2600      8.7166250E-08
      2601      9.2216348E-08
      2602      1.3896882E-07
      2603      1.3819458E-07
      2604      1.5353373E-07
      2605      1.4613883E-07
      2606      1.4636886E-07
      2607      1.4716263E-07
      2608      1.5199271E-07
      2609      1.4628350E-07
      2610      1.5521902E-07
      2611      1.4176994E-07
      2612      1.4083944E-07
      2613      1.4557216E-07
      2614      1.4571504E-07
      2615      1.4793905E-07
      2616      1.4619976E-07
      2617      1.4616969E-07
      2618      1.6587397E-07
      2619      1.5422649E-07
      2620      1.1675434E-07
      2621      4.8036901E-08
      2622      4.8656304E-08
      2623      5.8837042E-08
      2624      1.4554992E-07
      2625      8.8877818E-08
      2626      7.3677154E-08
      2627      8.7206113E-08
      2628      9.7367596E-08
      2629      1.1288819E-07
      2630      1.0527671E-07
      2631      1.0108237E-07
      2632      1.3201612E-07
      2633      1.4188619E-07
      2634      1.6447459E-07
      2635      1.3037130E-07
      2636      1.2801077E-07
      2637      1.2236670E-07
      2638      1.0327361E-07
      2639      1.0716202E-07
      2640      1.2341673E-07
      2641      1.1678300E-07
      2642      1.1410794E-07
      2643      1.0360683E-07
      2644      1.0523753E-07
      2645      9.4041061E-08
      2646      9.0833053E-08
      2647      9.2713406E-08
      2648      7.3121021E-08
      2649      8.0093121E-08
      2650      1.3158084E-07
      2651      4.0283207E-08
      2652      3.5303230E-08
      2653      4.6958306E-08
      2654      6.8754779E-08
      2655      6.4763464E-08
      2656      8.4450249E-08
      2657      9.3527209E-08
      2658      1.0017119E-07
      2659      1.0262010E-07
      2660      9.6692824E-08
      2661      8.9318200E-08
      2662      1.0177556E-07
      2663      1.1575830E-07
      2664      7.4703391E-08
      2665      8.0804938E-08
      2666      9.4631644E-08
      2667      9.6975573E-08
      2668      8.5888470E-08
      2669      7.9736763E-08
      2670      8.2909662E-08
      2671      9.0029227E-08
      2672      5.9820942E-08
      2673      6.1939628E-08
      2674      6.1097020E-08
      2675      6.5928658E-08
      2676      6.6387796E-08
      2677      6.5878719E-08
      2678      7.0586003E-08
      2679      7.2184017E-08
      2680      9.0262961E-08
      2681      8.4140901E-08
      2682      9.3259311E-08
      2683      6.7217168E-08
      2684      7.3266284E-08
      2685      7.5807625E-08
      2686      5.9173149E-08
      2687      5.9624167E-08
      2688      9.9160259E-08
      2689      1.1408011E-07
      2690      1.2800269E-07
      2691      1.3336279E-07
      2692      1.1982372E-07
      2693      1.0230506E-07
      2694      1.0883053E-07
      2695      1.2592851E-07
      2696      1.4099324E-07
      2697      1.4426680E-07
      2698      1.5206299E-07
      2699      1.3406488E-07
      2700      1.3866656E-07
      2701      1.3924511E-07
      2702      1.3376640E-07
      2703      1.3249376E-07
      2704      1.3036197E-07
      2705      1.3141236E-07
      2706      1.2526220E-07
      2707      1.2990688E-07
      2708      1.3260491E-07
      2709      1.3290677E-07
      2710      1.3445955E-07
      2711      1.3618725E-07
      2712      1.3462548E-07
      2713      1.3710671E-07
      2714      1.4447187E-07
      2715      1.3134765E-07
      2716      1.3537249E-07
      2717      1.3517295E-07
      2718      1.3321607E-07
      2719      1.3290408E-07
      2720      1.3244085E-07
      2721      1.3626277E-07
      2722      1.3019656E-07
      2723      1.4102103E-07
      2724      1.3967239E-07
      2725      1.3373305E-07
      2726      1.3402094E-07
      2727      1.3664598E-07
      2728      5.5906991E-08
      2729      1.0767828E-07
      2730      1.3020132E-07
      2731      1.2868120E-07
      2732      1.2202777E-07
      2733      8.2239488E-08
      2734      1.3193717E-07
      2735      1.2904521E-07
      2736      1.5377654E-07
      2737      1.6079376E-07
      2738      1.7616075E-07
      2739      1.5256197E-07
      2740      1.5533846E-07
      2741      1.5222469E-07
      2742      1.5209391E-07
      2743      1.4697738E-07
      2744      1.3848653E-07
      2745      1.4526597E-07
      2746      1.6991950E-07
      2747      1.5900763E-07
      2748      1.5526393E-07
      2749      1.5680448E-07
      2750      1.5665894E-07
      2751      1.5393839E-07
      2752      8.2467099E-08
      2753      1.0068239E-07
      2754      1.1509780E-07
      2755      1.2282427E-07
      2756      1.0742661E-07
      2757      8.2298566E-08
      2758      8.1257106E-08
      2759      1.1971474E-07
      2760      8.2428034E-08
      2761      9.7394318E-08
      2762      1.3249064E-07
      2763      1.1707394E-07
      2764      1.0055847E-07
      2765      8.2563338E-08
      2766      8.1522413E-08
      2767      9.9024994E-08
      2768      8.2050374E-08
      2769      9.1909458E-08
      2770      1.1583290E-07
      2771      9.1241876E-08
      2772      8.4494438E-08
      2773      7.8769991E-08
      2774      6.7869229E-08
      2775      7.3276393E-08
      2776      1.1386767E-07
      2777      3.5383407E-08
      2778      5.6213707E-08
      2779      6.4968072E-08
      2780      7.8916417E-08
      2781      7.1305652E-08
      2782      6.9049834E-08
      2783      3.1758900E-07
      2784      1.0237225E-07
      2785      6.8166587E-08
      2786      7.7516106E-08
      2787      1.0661760E-07
      2788      7.6175337E-08
      2789      7.2747516E-08
      2790      7.1690126E-08
      2791      6.2615054E-08
      2792      1.3814807E-07
      2793      1.3511169E-07
      2794      6.2677871E-08
      2795      6.2401949E-08
      2796      6.2662738E-08
      2797      6.3434160E-08
      2798      6.1912697E-08
      2799      6.0895895E-08
      2800      7.9910935E-08
      2801      7.8889951E-08
      2802      6.1950083E-08
      2803      6.4468221E-08
      2804      6.3396100E-08
      2805      6.4341770E-08
      2806      6.2465142E-08
      2807      5.9485672E-08
      2808      6.0520146E-08
      2809      6.3051290E-08
      2810      6.7796752E-08
      2811      7.6074619E-08
      2812      8.6497744E-08
      2813      8.4936868E-08
      2814      7.3202862E-08
      2815      6.5354171E-08
      2816      6.4047836E-08
      2817      7.0057945E-08
      2818      6.9576154E-08
      2819      7.4104716E-08
      2820      8.0776566E-08
      2821      8.3894974E-08
      2822      7.8872435E-08
      2823      7.5566598E-08
      2824      7.3731828E-08
      2825      7.9989247E-08
      2826      7.6055144E-08
      2827      8.3113737E-08
      2828      8.0006381E-08
      2829      1.0017202E-07
      2830      8.8282202E-08
      2831      7.8745688E-08
      2832      8.5656368E-08
      2833      1.0132497E-07
      2834      5.1543190E-08
      2835      5.8382811E-08
      2836      5.9429044E-08
      2837      6.4868770E-08
      2838      5.8664990E-08
      2839      5.3093695E-08
      2840      5.5477009E-08
      2841      6.0312588E-08
      2842      5.9157514E-08
      2843      3.5023900E-08
      2844      4.6882320E-08
      2845      2.2279286E-07
      2846      8.0062544E-08
      2847      6.4153233E-08
      2848      7.1369099E-08
      2849      5.3570280E-08
      2850      4.7656207E-08
      2851      6.4618871E-08
      2852      6.3129717E-08
      2853      5.3850106E-08
      2854      5.7102363E-08
      2855      7.1808986E-08
      2856      8.5354759E-08
      2857      7.9204916E-08
      2858      1.2048027E-07
      2859      1.0149023E-07
      2860      8.6575236E-08
      2861      9.5129647E-08
      2862      9.4759513E-08
      2863      3.8474592E-08
      2864      6.1101009E-08
      2865      8.0736728E-08
      2866      8.1591013E-08
      2867      7.8318867E-08
      2868      4.2431619E-08
      2869      4.7005536E-08
      2870      6.2828776E-08
      2871      6.6254683E-08
      2872      5.7671305E-08
      2873      4.9870142E-08
      2874      6.0131078E-08
      2875      6.8330117E-08
      2876      1.4554472E-07
      2877      1.6961596E-07
      2878      4.0866706E-08
      2879      3.8602697E-08
      2880      6.2377518E-08
      2881      9.7870513E-08
      2882      1.0310638E-07
      2883      1.0233108E-07
      2884      1.0987475E-07
      2885      1.1200770E-07
      2886      1.0787247E-07
      2887      1.2315796E-07
      2888      1.2026126E-07
      2889      1.3112986E-07
      2890      1.3211403E-07
      2891      1.3142253E-07
      2892      1.3218770E-07
      2893      1.3095650E-07
      2894      1.2860464E-07
      2895      1.2581948E-07
      2896      1.2895920E-07
      2897      1.2812526E-07
      2898      1.3042297E-07
      2899      1.3166669E-07
      2900      1.3289210E-07
      2901      1.3145467E-07
      2902      1.2840383E-07
      2903      1.2923535E-07
      2904      1.3090114E-07
      2905      1.3210357E-07
      2906      1.3318938E-07
      2907      1.3451320E-07
      2908      1.3311189E-07
      2909      1.3131466E-07
      2910      1.3068877E-07
      2911      1.2916079E-07
      2912      1.2955296E-07
      2913      1.3263433E-07
      2914      1.3257965E-07
      2915      1.3261827E-07
      2916      1.3370171E-07
      2917      1.3267958E-07
      2918      1.3270560E-07
      2919      1.3274422E-07
      2920      1.3277952E-07
      2921      1.3769231E-07
      2922      1.3883369E-07
      2923      1.3980206E-07
      2924      1.3998095E-07
      2925      1.3777249E-07
      2926      1.3656480E-07
      2927      1.3519198E-07
      2928      1.3680673E-07
      2929      1.3526638E-07
      2930      1.3479405E-07
      2931      1.3622361E-07
      2932      1.3765318E-07
      2933      1.3669255E-07
      2934      1.3573531E-07
      2935      1.3715470E-07
      2936      1.3859106E-07
      2937      1.4034107E-07
      2938      1.4358973E-07
      2939      1.4611205E-07
      2940      1.4459316E-07
      2941      1.4224029E-07
      2942      1.3938020E-07
      2943      1.3723479E-07
      2944      1.4098134E-07
      2945      1.4178491E-07
      2946      1.4375460E-07
      2947      1.4390077E-07
      2948      1.4445444E-07
      2949      1.4175756E-07
      2950      1.3906075E-07
      2951      1.3998342E-07
      2952      1.4147008E-07
      2953      1.5249820E-07
      2954      1.5281670E-07
      2955      1.5299857E-07
      2956      1.5177646E-07
      2957      1.4966370E-07
      2958      1.4764889E-07
      2959      1.4369839E-07
      2960      1.4581159E-07
      2961      1.5399459E-07
      2962      1.5472913E-07
      2963      1.5105074E-07
      2964      1.5228781E-07
      2965      1.5434043E-07
      2966      1.5314510E-07
      2967      1.5580292E-07
      2968      1.5689131E-07
      2969      2.6214920E-07
      2970      1.0713286E-07
      2971      1.6306691E-07
      2972      2.0681108E-07
      2973      1.1728942E-07
      2974      6.9164510E-08
      2975      5.8659255E-08
      2976      6.0982384E-08
      2977      8.7963390E-08
      2978      1.2415372E-07
      2979      1.5246059E-07
      2980      8.7819570E-08
      2981      1.1704863E-07
      2982      9.6601830E-08
      2983      6.6032883E-08
      2984      9.4683880E-08
      2985      9.5835429E-08
      2986      9.1683659E-08
      2987      1.0038009E-07
      2988      5.5445130E-08
      2989      5.7410668E-08
      2990      7.3039779E-08
      2991      1.6218375E-07
      2992      1.5413008E-07
      2993      1.5700205E-07
      2994      1.5284862E-07
      2995      1.5108808E-07
      2996      1.5212289E-07
      2997      1.3711884E-07
      2998      1.4265911E-07
      2999      8.5997488E-08
      3000      5.0990497E-08
      3001      5.7874125E-08
      3002      6.7072848E-08
      3003      8.2922451E-08
      3004      6.3501053E-08
      3005      6.6183005E-08
