3.0000000e-01 1.0000000e-09
3.0000000e-01 1.0000000e-09
3.0000000e-01 1.0000000e-09
3.0000000e-01 1.0000000e-09
3.0000000e-01 1.0000000e-09
3.0000000e-01 1.0000000e-09
3.0000000e-01 1.0000000e-09
3.0000000e-01 1.0000000e-09
3.0000000e-01 1.0000000e+00
3.0000000e-01 1.0000000e-09
3.0000000e-01 1.0000000e-09
3.0000000e-01 1.0000000e-09
3.0000000e-01 1.0000000e-09
3.0000000e-01 1.0000000e-09
3.0000000e-01 1.0000000e-09
3.0000000e-01 1.0000000e-09
3.0000000e-01 1.0000000e-09
3.0000000e-01 1.0000000e-09
3.0000000e-01 1.0000000e-09
3.0000000e-01 1.0000000e-09
3.0000000e-01 1.0000000e-09
3.0000000e-01 1.2142339e-02
3.0000000e-01 2.3572864e-01
3.0000000e-01 1.0000000e+00
3.0000000e-01 4.7609106e-08
3.0000000e-01 1.2264196e-02
3.0000000e-01 6.5118424e-05
3.0000000e-01 1.0000000e-09
3.0000000e-01 1.0000000e-09
3.0000000e-01 1.0000000e+00
3.0000000e-01 1.0000000e+00
3.0000000e-01 1.0000000e+00
3.0000000e-01 1.0000000e+00
3.0000000e-01 1.0000000e-09
3.0000000e-01 1.0000000e-09
3.0000000e-01 1.0000000e-09
3.0000000e-01 1.0000000e-09
3.0000000e-01 1.0000000e-09
3.0000000e-01 1.0000000e-09
3.0000000e-01 1.0000000e+00
3.0000000e-01 1.0000000e+00
3.0000000e-01 1.0000000e+00
3.0000000e-01 1.0000000e-09
3.0000000e-01 9.3111051e-01
3.0000000e-01 1.0000000e+00
3.0000000e-01 1.0000000e+00
3.0000000e-01 1.0000000e-09
3.0000000e-01 1.0000000e+00
3.0000000e-01 1.0000000e+00
3.0000000e-01 1.0000000e+00
3.0000000e-01 2.4350214e-01
3.0000000e-01 1.0000000e+00
3.0000000e-01 1.0000000e+00
3.0000000e-01 1.0000000e+00
3.0000000e-01 1.0000000e+00
3.0000000e-01 1.0000000e+00
3.0000000e-01 6.8188344e-01
3.0000000e-01 1.0000000e+00
3.0000000e-01 1.0000000e+00
3.0000000e-01 1.0000000e+00
3.0000000e-01 1.0000000e+00
3.0000000e-01 1.0000000e+00
3.0000000e-01 1.0000000e+00
3.0000000e-01 1.0000000e+00
3.0000000e-01 1.0000000e+00
3.0000000e-01 1.0000000e-09
3.0000000e-01 1.0000000e-09
3.0000000e-01 1.0000000e-09
3.0000000e-01 1.0000000e-09
3.0000000e-01 4.0321210e-01
3.0000000e-01 3.1966853e-01
3.0000000e-01 1.0000000e+00
3.0000000e-01 1.0000000e+00
3.0000000e-01 1.0000000e+00
3.0000000e-01 6.7146018e-03
3.0000000e-01 2.6477172e-01
3.0000000e-01 1.0000000e+00
3.0000000e-01 1.0000000e+00
3.0000000e-01 1.0000000e+00
3.0000000e-01 1.0000000e+00
3.0000000e-01 1.0000000e+00
3.0000000e-01 1.0000000e+00
3.0000000e-01 1.0000000e+00
3.0000000e-01 1.0000000e+00
3.0000000e-01 1.0000000e+00
3.0000000e-01 6.0156866e-01
3.0000000e-01 3.3468387e-01
3.0000000e-01 1.0000000e-09
3.0000000e-01 1.0000000e-09
3.0000000e-01 1.0000000e-09
3.0000000e-01 1.0000000e-09
3.0000000e-01 1.0000000e-09
3.0000000e-01 1.0000000e+00
3.0000000e-01 1.0000000e+00
3.0000000e-01 1.0000000e+00
3.0000000e-01 1.0000000e+00
3.0000000e-01 1.0000000e+00
3.0000000e-01 1.0000000e+00
3.0000000e-01 1.0000000e-09
3.0000000e-01 1.0000000e-09
3.0000000e-01 1.0000000e-09
3.0000000e-01 1.0000000e-09
3.0000000e-01 3.1482365e-07
3.0000000e-01 3.8331534e-06
3.0000000e-01 1.0000000e-09
3.0000000e-01 1.0000000e-09
3.0000000e-01 1.0000000e-09
3.0000000e-01 1.0000000e-09
3.0000000e-01 1.0000000e-09
3.0000000e-01 1.0000000e+00
3.0000000e-01 1.0000000e+00
3.0000000e-01 7.2772168e-01
3.0000000e-01 1.0000000e+00
3.0000000e-01 1.0000000e+00
3.0000000e-01 1.0000000e+00
3.0000000e-01 1.0000000e+00
3.0000000e-01 1.0000000e+00
3.0000000e-01 1.0000000e+00
3.0000000e-01 1.0000000e+00
3.0000000e-01 1.0000000e+00
3.0000000e-01 1.0000000e+00
3.0000000e-01 1.0000000e+00
3.0000000e-01 2.4251018e-01
3.0000000e-01 1.0000000e-09
3.0000000e-01 2.5896102e-01
3.0000000e-01 1.0000000e-09
3.0000000e-01 1.0000000e-09
3.0000000e-01 1.0000000e-09
3.0000000e-01 1.0000000e-09
3.0000000e-01 1.0000000e-09
3.0000000e-01 1.0000000e-09
3.0000000e-01 1.0000000e-09
3.0000000e-01 1.0000000e-09
3.0000000e-01 1.0000000e-09
3.0000000e-01 1.0000000e+00
3.0000000e-01 1.0000000e+00
3.0000000e-01 1.0000000e+00
3.0000000e-01 1.0000000e+00
3.0000000e-01 1.0000000e+00
3.0000000e-01 1.0000000e+00
3.0000000e-01 3.5564838e-01
3.0000000e-01 5.9927863e-02
3.0000000e-01 8.0914107e-07
3.0000000e-01 1.0000000e-09
3.0000000e-01 1.0000000e-09
3.0000000e-01 1.0000000e-09
3.0000000e-01 1.0000000e-09
3.0000000e-01 1.0000000e-09
3.0000000e-01 1.0000000e-09
3.0000000e-01 1.0000000e-09
3.0000000e-01 1.0000000e-09
3.0000000e-01 1.0000000e-09
3.0000000e-01 1.0000000e-09
3.0000000e-01 1.0000000e-09
3.0000000e-01 1.0000000e+00
3.0000000e-01 1.0000000e+00
3.0000000e-01 1.0000000e+00
3.0000000e-01 1.0000000e+00
3.0000000e-01 1.0000000e+00
3.0000000e-01 1.0000000e+00
3.0000000e-01 1.0000000e+00
3.0000000e-01 1.0000000e-09
3.0000000e-01 1.0000000e-09
3.0000000e-01 1.0000000e-09
3.0000000e-01 1.0000000e+00
3.0000000e-01 1.0000000e+00
3.0000000e-01 1.0000000e+00
3.0000000e-01 1.0000000e+00
3.0000000e-01 1.0000000e+00
3.0000000e-01 1.0000000e-09
3.0000000e-01 1.0000000e+00
3.0000000e-01 1.0000000e+00
3.0000000e-01 1.0000000e+00
3.0000000e-01 1.0000000e+00
3.0000000e-01 1.0000000e+00
3.0000000e-01 1.0000000e+00
3.0000000e-01 1.0000000e+00
3.0000000e-01 1.0000000e+00
3.0000000e-01 3.9203834e-01
3.0000000e-01 1.0000000e-09
3.0000000e-01 1.0000000e-09
3.0000000e-01 4.4395036e-05
3.0000000e-01 1.0000000e+00
3.0000000e-01 1.0000000e+00
3.0000000e-01 1.0000000e+00
3.0000000e-01 1.0000000e+00
3.0000000e-01 1.0000000e+00
3.0000000e-01 1.0000000e+00
3.0000000e-01 1.0000000e-09
3.0000000e-01 1.0000000e-09
3.0000000e-01 1.0000000e-09
3.0000000e-01 1.0000000e+00
3.0000000e-01 1.0000000e+00
3.0000000e-01 1.0000000e+00
3.0000000e-01 1.0000000e+00
3.0000000e-01 1.0000000e+00
3.0000000e-01 9.9875365e-02
3.0000000e-01 1.0000000e-09
3.0000000e-01 1.0000000e-09
3.0000000e-01 1.0000000e-09
3.0000000e-01 4.4301711e-04
3.0000000e-01 1.0000000e+00
3.0000000e-01 1.0000000e+00
3.0000000e-01 1.0000000e+00
3.0000000e-01 1.0000000e+00
3.0000000e-01 1.0000000e+00
3.0000000e-01 1.0000000e+00
3.0000000e-01 1.0000000e+00
3.0000000e-01 1.0000000e+00
3.0000000e-01 9.2927230e-01
3.0000000e-01 1.3027173e-01
3.0000000e-01 1.4397670e-08
3.0000000e-01 1.0000000e+00
3.0000000e-01 1.0000000e-09
3.0000000e-01 1.0000000e-09
3.0000000e-01 1.0000000e-09
3.0000000e-01 1.0000000e+00
3.0000000e-01 1.0000000e+00
3.0000000e-01 1.0000000e+00
3.0000000e-01 1.0000000e-09
3.0000000e-01 1.0000000e-09
3.0000000e-01 1.0000000e+00
3.0000000e-01 1.0000000e+00
3.0000000e-01 1.0000000e+00
3.0000000e-01 6.3748829e-02
3.0000000e-01 1.0000000e-09
3.0000000e-01 1.0000000e-09
3.0000000e-01 1.0000000e-09
3.0000000e-01 1.0000000e-09
3.0000000e-01 1.0000000e-09
3.0000000e-01 1.0000000e-09
3.0000000e-01 1.0000000e-09
3.0000000e-01 1.0000000e-09
3.0000000e-01 1.0000000e-09
3.0000000e-01 1.0000000e+00
3.0000000e-01 1.0000000e-09
3.0000000e-01 1.0000000e+00
3.0000000e-01 1.0000000e+00
3.0000000e-01 1.0000000e+00
3.0000000e-01 1.0000000e+00
3.0000000e-01 8.8900285e-06
3.0000000e-01 1.0000000e-09
3.0000000e-01 1.0000000e-09
3.0000000e-01 1.0000000e-09
3.0000000e-01 1.0000000e-09
3.0000000e-01 8.3903964e-03
3.0000000e-01 1.0000000e+00
3.0000000e-01 1.0000000e+00
3.0000000e-01 1.0000000e+00
3.0000000e-01 1.0000000e+00
3.0000000e-01 1.0000000e+00
3.0000000e-01 1.0000000e+00
3.0000000e-01 1.0000000e+00
3.0000000e-01 1.0000000e+00
3.0000000e-01 9.1906602e-01
3.0000000e-01 5.3355827e-01
3.0000000e-01 6.4084085e-02
3.0000000e-01 2.0700904e-04
3.0000000e-01 1.0000000e-09
3.0000000e-01 1.0000000e-09
3.0000000e-01 1.0000000e-09
3.0000000e-01 1.0000000e-09
3.0000000e-01 1.0000000e-09
3.0000000e-01 1.0000000e-09
3.0000000e-01 1.0000000e+00
3.0000000e-01 1.0000000e+00
3.0000000e-01 1.0000000e+00
3.0000000e-01 1.0000000e+00
3.0000000e-01 1.0000000e+00
3.0000000e-01 1.0000000e+00
3.0000000e-01 1.0000000e+00
3.0000000e-01 2.0166231e-01
3.0000000e-01 5.2385791e-03
3.0000000e-01 1.1715005e-06
3.0000000e-01 1.0000000e-09
3.0000000e-01 1.0000000e-09
3.0000000e-01 1.0000000e-09
3.0000000e-01 1.0000000e-09
3.0000000e-01 1.0000000e-09
3.0000000e-01 1.0000000e-09
3.0000000e-01 1.0000000e-09
3.0000000e-01 1.0000000e+00
3.0000000e-01 1.0000000e+00
3.0000000e-01 1.0000000e+00
3.0000000e-01 8.0137973e-01
3.0000000e-01 1.0000000e+00
3.0000000e-01 1.0000000e-09
3.0000000e-01 1.0000000e-09
3.0000000e-01 1.0000000e-09
3.0000000e-01 1.0000000e+00
3.0000000e-01 1.0000000e+00
3.0000000e-01 1.0000000e+00
3.0000000e-01 5.0981337e-01
3.0000000e-01 1.0647752e-01
3.0000000e-01 2.0776167e-04
3.0000000e-01 1.0000000e-09
3.0000000e-01 1.0000000e-09
3.0000000e-01 1.0000000e-09
3.0000000e-01 1.0000000e-09
3.0000000e-01 1.0000000e-09
3.0000000e-01 1.1140037e-05
3.0000000e-01 2.7362543e-02
3.0000000e-01 1.2896638e-01
3.0000000e-01 1.0000000e+00
3.0000000e-01 1.0000000e-09
3.0000000e-01 1.0000000e-09
3.0000000e-01 1.0000000e-09
3.0000000e-01 1.0000000e-09
3.0000000e-01 1.0000000e-09
3.0000000e-01 1.0000000e-09
3.0000000e-01 2.3432667e-06
3.0000000e-01 3.9533551e-03
3.0000000e-01 1.0042996e-01
3.0000000e-01 4.2295448e-01
3.0000000e-01 1.0000000e+00
3.0000000e-01 1.0000000e+00
3.0000000e-01 1.0000000e+00
3.0000000e-01 1.0000000e+00
3.0000000e-01 1.0000000e+00
3.0000000e-01 1.0000000e+00
3.0000000e-01 1.0000000e+00
3.0000000e-01 1.0000000e+00
3.0000000e-01 1.0000000e+00
3.0000000e-01 1.0000000e+00
3.0000000e-01 1.0000000e+00
3.0000000e-01 8.9296377e-01
3.0000000e-01 2.5253114e-01
3.0000000e-01 2.0361652e-02
3.0000000e-01 1.2172798e-04
3.0000000e-01 3.0350333e-09
3.0000000e-01 1.0000000e-09
3.0000000e-01 1.0000000e-09
3.0000000e-01 1.0000000e-09
3.0000000e-01 1.0000000e-09
3.0000000e-01 1.0000000e-09
3.0000000e-01 1.0000000e-09
3.0000000e-01 1.0000000e-09
3.0000000e-01 1.0000000e-09
3.0000000e-01 1.0000000e-09
3.0000000e-01 1.0000000e-09
3.0000000e-01 1.0000000e-09
3.0000000e-01 1.0000000e-09
3.0000000e-01 1.0000000e-09
3.0000000e-01 1.0000000e-09
3.0000000e-01 1.0000000e-09
3.0000000e-01 1.0000000e-09
3.0000000e-01 2.6870113e-07
3.0000000e-01 1.6186327e-04
3.0000000e-01 1.0113714e-02
3.0000000e-01 7.0955596e-02
3.0000000e-01 2.8880694e-01
3.0000000e-01 5.1908681e-01
3.0000000e-01 5.7900805e-01
3.0000000e-01 4.3127134e-01
3.0000000e-01 5.9064208e-01
3.0000000e-01 5.9176630e-01
3.0000000e-01 3.4066609e-01
3.0000000e-01 2.7334881e-01
3.0000000e-01 1.6366634e-01
3.0000000e-01 3.2698925e-02
3.0000000e-01 8.5325659e-03
3.0000000e-01 9.2696134e-04
3.0000000e-01 1.0000000e-09
3.0000000e-01 1.0000000e-09
3.0000000e-01 1.0000000e-09
3.0000000e-01 1.0000000e-09
3.0000000e-01 1.0000000e-09
3.0000000e-01 1.0000000e-09
3.0000000e-01 4.3826790e-07
3.0000000e-01 9.8097917e-01
3.0000000e-01 3.1182929e-01
3.0000000e-01 4.5700276e-01
3.0000000e-01 6.5285365e-01
3.0000000e-01 4.4651593e-01
3.0000000e-01 4.2815209e-01
3.0000000e-01 3.4104026e-01
3.0000000e-01 3.8288687e-01
3.0000000e-01 3.7804249e-01
3.0000000e-01 5.2837740e-01
3.0000000e-01 3.1494112e-01
3.0000000e-01 1.2251173e-01
3.0000000e-01 1.4448477e-02
3.0000000e-01 1.2079027e-03
3.0000000e-01 1.6330884e-05
3.0000000e-01 7.1033293e-09
3.0000000e-01 1.0000000e-09
3.0000000e-01 1.0000000e-09
3.0000000e-01 1.0000000e-09
3.0000000e-01 1.0000000e-09
3.0000000e-01 1.0000000e-09
3.0000000e-01 1.0000000e-09
3.0000000e-01 1.0000000e-09
3.0000000e-01 1.0000000e-09
3.0000000e-01 1.0000000e-09
3.0000000e-01 1.0000000e-09
3.0000000e-01 1.0000000e-09
3.0000000e-01 1.0000000e-09
3.0000000e-01 1.0000000e-09
3.0000000e-01 1.0000000e-09
3.0000000e-01 1.0000000e-09
3.0000000e-01 1.0000000e-09
3.0000000e-01 1.0000000e-09
3.0000000e-01 1.0000000e-09
3.0000000e-01 1.0000000e-09
3.0000000e-01 1.0000000e-09
3.0000000e-01 1.0000000e-09
3.0000000e-01 1.0000000e-09
3.0000000e-01 1.0000000e-09
3.0000000e-01 6.0526938e-08
3.0000000e-01 1.0000000e-09
3.0000000e-01 1.0000000e-09
3.0000000e-01 1.0000000e-09
3.0000000e-01 4.7450279e-04
3.0000000e-01 2.1714121e-05
3.0000000e-01 1.0686106e-02
3.0000000e-01 9.6734016e-03
3.0000000e-01 3.3610621e-03
3.0000000e-01 1.3474335e-02
3.0000000e-01 1.5428871e-02
3.0000000e-01 8.7995694e-03
3.0000000e-01 9.1334305e-03
3.0000000e-01 3.3349489e-02
3.0000000e-01 2.8858937e-02
3.0000000e-01 2.2205985e-02
3.0000000e-01 2.3646849e-02
3.0000000e-01 9.8439995e-03
3.0000000e-01 4.0154075e-02
3.0000000e-01 5.4285792e-02
3.0000000e-01 1.0000000e-09
3.0000000e-01 1.3250281e-04
3.0000000e-01 9.5190991e-03
3.0000000e-01 4.4980444e-07
3.0000000e-01 1.0000000e-09
3.0000000e-01 1.0000000e-09
3.0000000e-01 1.0000000e-09
3.0000000e-01 1.0000000e-09
3.0000000e-01 5.8753384e-07
3.0000000e-01 1.7058052e-09
3.0000000e-01 2.3752600e-04
3.0000000e-01 7.2760987e-06
3.0000000e-01 3.8460177e-02
3.0000000e-01 1.3030512e-02
3.0000000e-01 4.5062623e-02
3.0000000e-01 8.5921099e-02
3.0000000e-01 2.9498024e-02
3.0000000e-01 2.6683463e-02
3.0000000e-01 1.0735822e-01
3.0000000e-01 8.5075448e-02
3.0000000e-01 2.0495670e-02
3.0000000e-01 7.7800061e-02
3.0000000e-01 5.8289390e-05
3.0000000e-01 3.3235486e-03
3.0000000e-01 1.0000000e-09
3.0000000e-01 2.7066052e-07
3.0000000e-01 1.0000000e-09
3.0000000e-01 1.0000000e-09
3.0000000e-01 1.0000000e-09
3.0000000e-01 1.0000000e-09
3.0000000e-01 1.0000000e-09
3.0000000e-01 1.0000000e-09
3.0000000e-01 1.0000000e-09
3.0000000e-01 1.0000000e-09
3.0000000e-01 1.0000000e-09
3.0000000e-01 1.0000000e-09
3.0000000e-01 1.0000000e-09
3.0000000e-01 1.0000000e-09
3.0000000e-01 1.0000000e-09
3.0000000e-01 1.0000000e+00
3.0000000e-01 1.0000000e+00
3.0000000e-01 1.0000000e+00
3.0000000e-01 7.6872958e-01
3.0000000e-01 3.9911237e-01
3.0000000e-01 7.1182114e-07
3.0000000e-01 1.7361152e-08
3.0000000e-01 1.0000000e-09
3.0000000e-01 1.0000000e-09
3.0000000e-01 7.0511726e-01
3.0000000e-01 1.0000000e+00
3.0000000e-01 1.0000000e+00
3.0000000e-01 1.0000000e+00
3.0000000e-01 1.0000000e+00
3.0000000e-01 5.0043832e-01
3.0000000e-01 2.0110735e-01
3.0000000e-01 1.5424507e-02
3.0000000e-01 2.6867734e-03
3.0000000e-01 1.4474382e-03
3.0000000e-01 3.4441455e-06
3.0000000e-01 1.0000000e-09
3.0000000e-01 1.0000000e-09
3.0000000e-01 1.0000000e-09
3.0000000e-01 1.0000000e-09
3.0000000e-01 1.0000000e-09
3.0000000e-01 1.0000000e-09
3.0000000e-01 1.0000000e-09
3.0000000e-01 1.0000000e-09
3.0000000e-01 1.0000000e-09
3.0000000e-01 1.0000000e-09
3.0000000e-01 1.0000000e-09
3.0000000e-01 1.0000000e-09
3.0000000e-01 1.0000000e-09
3.0000000e-01 1.0000000e-09
3.0000000e-01 1.0000000e+00
3.0000000e-01 1.0000000e-09
3.0000000e-01 1.0000000e+00
3.0000000e-01 1.0000000e-09
3.0000000e-01 1.0000000e-09
3.0000000e-01 1.0000000e-09
3.0000000e-01 1.0000000e+00
3.0000000e-01 1.0000000e-09
3.0000000e-01 1.0000000e-09
3.0000000e-01 1.0000000e-09
3.0000000e-01 2.3089962e-02
3.0000000e-01 3.3482237e-08
3.0000000e-01 1.0000000e-09
3.0000000e-01 1.1891523e-05
3.0000000e-01 1.0000000e-09
3.0000000e-01 1.0000000e+00
3.0000000e-01 1.0000000e+00
3.0000000e-01 1.0000000e+00
3.0000000e-01 1.0000000e+00
3.0000000e-01 1.0000000e+00
3.0000000e-01 1.0000000e+00
3.0000000e-01 1.0000000e+00
3.0000000e-01 1.0000000e+00
3.0000000e-01 1.0000000e-09
3.0000000e-01 1.0000000e-09
3.0000000e-01 1.0000000e-09
3.0000000e-01 1.0000000e-09
3.0000000e-01 6.6121983e-06
3.0000000e-01 1.0000000e+00
3.0000000e-01 1.0000000e+00
3.0000000e-01 1.0000000e+00
3.0000000e-01 1.0000000e+00
3.0000000e-01 2.0696466e-02
3.0000000e-01 1.0000000e-09
3.0000000e-01 1.0000000e-09
3.0000000e-01 1.0000000e-09
3.0000000e-01 1.0000000e-09
3.0000000e-01 1.0000000e-09
3.0000000e-01 1.0000000e-09
3.0000000e-01 6.2176677e-01
3.0000000e-01 1.0000000e+00
3.0000000e-01 1.0000000e+00
3.0000000e-01 1.0000000e+00
3.0000000e-01 1.0000000e+00
3.0000000e-01 1.0000000e+00
3.0000000e-01 1.0000000e-09
3.0000000e-01 6.1720153e-05
3.0000000e-01 7.1079289e-05
3.0000000e-01 2.2564050e-05
3.0000000e-01 6.8231883e-06
3.0000000e-01 3.2487149e-06
3.0000000e-01 2.6897750e-06
3.0000000e-01 2.1187514e-06
3.0000000e-01 2.1331273e-06
3.0000000e-01 1.9703086e-06
3.0000000e-01 1.3713978e-06
3.0000000e-01 5.1307382e-07
3.0000000e-01 1.0154079e-07
3.0000000e-01 2.0564861e-08
3.0000000e-01 3.5987473e-09
3.0000000e-01 1.0000000e-09
3.0000000e-01 1.0000000e-09
3.0000000e-01 3.6308383e-08
3.0000000e-01 3.4861750e-06
3.0000000e-01 8.2677127e-05
3.0000000e-01 2.8828682e-04
3.0000000e-01 4.3230624e-04
3.0000000e-01 2.9076170e-04
3.0000000e-01 1.0440555e-04
3.0000000e-01 1.0116426e-04
3.0000000e-01 1.1316963e-04
3.0000000e-01 1.3442384e-04
3.0000000e-01 1.1164461e-04
3.0000000e-01 5.0157338e-05
3.0000000e-01 6.3669569e-06
3.0000000e-01 1.0000000e-09
3.0000000e-01 1.0000000e-09
3.0000000e-01 1.0000000e-09
3.0000000e-01 2.6795739e-05
3.0000000e-01 2.3496173e-07
3.0000000e-01 1.0000000e-09
3.0000000e-01 1.0000000e-09
3.0000000e-01 1.0000000e-09
3.0000000e-01 1.0000000e-09
3.0000000e-01 1.0000000e-09
3.0000000e-01 1.0000000e-09
3.0000000e-01 1.0000000e-09
3.0000000e-01 1.0000000e-09
3.0000000e-01 1.0000000e-09
3.0000000e-01 1.0000000e-09
3.0000000e-01 1.0000000e-09
3.0000000e-01 1.0000000e-09
3.0000000e-01 1.0000000e-09
3.0000000e-01 1.0000000e-09
3.0000000e-01 1.0000000e-09
3.0000000e-01 1.0000000e-09
3.0000000e-01 1.0000000e-09
3.0000000e-01 1.0000000e-09
3.0000000e-01 1.0000000e-09
3.0000000e-01 1.0000000e-09
3.0000000e-01 1.0000000e-09
3.0000000e-01 1.0000000e-09
3.0000000e-01 1.0000000e-09
3.0000000e-01 1.0000000e-09
3.0000000e-01 1.0000000e-09
3.0000000e-01 1.0000000e-09
3.0000000e-01 1.0000000e-09
3.0000000e-01 1.0000000e-09
3.0000000e-01 1.0000000e-09
3.0000000e-01 1.0000000e-09
3.0000000e-01 1.0000000e-09
3.0000000e-01 1.0000000e-09
3.0000000e-01 1.0000000e-09
3.0000000e-01 1.0000000e-09
3.0000000e-01 1.0000000e-09
3.0000000e-01 1.0000000e-09
3.0000000e-01 1.0000000e-09
3.0000000e-01 1.0000000e-09
3.0000000e-01 1.0000000e-09
3.0000000e-01 1.0000000e-09
3.0000000e-01 1.0000000e-09
3.0000000e-01 1.0000000e-09
3.0000000e-01 1.0000000e-09
3.0000000e-01 1.0000000e-09
3.0000000e-01 1.0000000e-09
3.0000000e-01 1.0000000e-09
3.0000000e-01 1.0000000e-09
3.0000000e-01 1.0000000e+00
3.0000000e-01 1.0000000e+00
3.0000000e-01 1.0000000e-09
3.0000000e-01 1.0000000e-09
3.0000000e-01 1.0000000e-09
3.0000000e-01 1.0000000e-09
3.0000000e-01 1.0000000e-09
3.0000000e-01 1.0000000e+00
3.0000000e-01 1.0000000e+00
3.0000000e-01 1.0000000e+00
3.0000000e-01 1.0000000e+00
3.0000000e-01 1.0000000e+00
3.0000000e-01 1.0000000e+00
3.0000000e-01 2.9092678e-01
3.0000000e-01 1.0000000e-09
3.0000000e-01 1.0000000e-09
3.0000000e-01 1.0000000e+00
3.0000000e-01 1.0000000e+00
3.0000000e-01 1.0000000e+00
3.0000000e-01 1.0000000e+00
3.0000000e-01 1.0000000e+00
3.0000000e-01 1.0000000e+00
3.0000000e-01 1.0000000e-09
3.0000000e-01 1.0000000e-09
3.0000000e-01 1.0000000e-09
3.0000000e-01 1.0000000e-09
3.0000000e-01 1.0000000e-09
3.0000000e-01 1.6318964e-03
3.0000000e-01 3.5156466e-02
3.0000000e-01 1.0000000e-09
3.0000000e-01 1.0000000e-09
3.0000000e-01 1.0000000e-09
3.0000000e-01 1.0000000e-09
3.0000000e-01 1.0000000e+00
3.0000000e-01 1.0000000e-09
3.0000000e-01 1.0000000e+00
3.0000000e-01 1.0000000e-09
3.0000000e-01 1.0000000e+00
3.0000000e-01 5.5776853e-01
3.0000000e-01 1.0000000e-09
3.0000000e-01 1.0000000e-09
3.0000000e-01 1.0000000e-09
3.0000000e-01 1.0000000e-09
3.0000000e-01 1.0000000e-09
3.0000000e-01 1.0000000e-09
3.0000000e-01 1.0000000e-09
3.0000000e-01 1.0000000e-09
3.0000000e-01 1.0000000e-09
3.0000000e-01 1.0000000e-09
3.0000000e-01 1.0000000e-09
3.0000000e-01 1.0000000e-09
3.0000000e-01 1.0000000e-09
3.0000000e-01 1.0000000e+00
3.0000000e-01 1.0000000e+00
3.0000000e-01 1.0000000e-09
3.0000000e-01 1.0000000e-09
3.0000000e-01 1.0000000e-09
3.0000000e-01 1.0000000e+00
3.0000000e-01 1.0000000e+00
3.0000000e-01 1.0000000e+00
3.0000000e-01 7.0052491e-01
3.0000000e-01 1.0000000e-09
3.0000000e-01 1.0000000e-09
3.0000000e-01 1.0000000e-09
3.0000000e-01 1.0000000e+00
3.0000000e-01 1.0000000e+00
3.0000000e-01 1.0000000e+00
3.0000000e-01 1.0741751e-02
3.0000000e-01 1.0000000e+00
3.0000000e-01 1.0000000e+00
3.0000000e-01 1.0000000e+00
3.0000000e-01 1.0000000e+00
3.0000000e-01 1.0000000e-09
3.0000000e-01 1.0000000e-09
3.0000000e-01 5.3966317e-03
3.0000000e-01 1.0000000e+00
3.0000000e-01 1.0000000e-09
3.0000000e-01 1.0000000e+00
3.0000000e-01 1.0000000e+00
3.0000000e-01 1.0000000e+00
3.0000000e-01 1.0000000e+00
3.0000000e-01 1.0000000e-09
3.0000000e-01 1.0000000e-09
3.0000000e-01 1.0000000e-09
3.0000000e-01 1.0000000e-09
3.0000000e-01 1.0000000e-09
3.0000000e-01 1.0000000e-09
3.0000000e-01 1.0000000e-09
3.0000000e-01 1.0000000e-09
3.0000000e-01 1.0000000e-09
3.0000000e-01 1.0000000e-09
3.0000000e-01 1.0000000e-09
3.0000000e-01 1.0000000e-09
3.0000000e-01 1.0000000e-09
3.0000000e-01 1.0000000e-09
3.0000000e-01 1.0000000e-09
3.0000000e-01 1.0000000e-09
3.0000000e-01 1.0000000e-09
3.0000000e-01 1.0000000e-09
3.0000000e-01 1.0000000e-09
3.0000000e-01 1.0000000e-09
3.0000000e-01 1.0000000e-09
3.0000000e-01 1.0000000e-09
3.0000000e-01 1.0000000e-09
3.0000000e-01 1.0000000e-09
3.0000000e-01 1.0000000e-09
3.0000000e-01 1.0000000e-09
3.0000000e-01 1.0000000e-09
3.0000000e-01 1.0000000e-09
3.0000000e-01 1.0000000e-09
3.0000000e-01 1.0000000e-09
3.0000000e-01 1.0000000e-09
3.0000000e-01 1.0000000e-09
3.0000000e-01 1.0000000e-09
3.0000000e-01 1.0000000e-09
3.0000000e-01 1.0000000e-09
3.0000000e-01 1.0000000e-09
3.0000000e-01 1.0000000e-09
3.0000000e-01 1.0000000e-09
3.0000000e-01 1.0000000e-09
3.0000000e-01 1.0000000e-09
3.0000000e-01 1.0000000e-09
3.0000000e-01 1.0000000e-09
3.0000000e-01 1.0000000e-09
3.0000000e-01 1.0000000e-09
3.0000000e-01 1.0000000e-09
3.0000000e-01 1.0000000e-09
3.0000000e-01 1.0000000e-09
3.0000000e-01 1.0000000e-09
3.0000000e-01 1.0000000e-09
3.0000000e-01 1.0000000e-09
3.0000000e-01 1.0000000e-09
3.0000000e-01 1.0000000e-09
3.0000000e-01 1.0000000e-09
3.0000000e-01 1.0000000e-09
3.0000000e-01 1.0000000e-09
3.0000000e-01 1.0000000e-09
3.0000000e-01 1.0000000e-09
3.0000000e-01 1.0000000e-09
3.0000000e-01 1.0000000e-09
3.0000000e-01 1.0000000e-09
3.0000000e-01 1.0000000e-09
3.0000000e-01 1.0000000e-09
3.0000000e-01 1.0000000e-09
3.0000000e-01 1.0000000e-09
3.0000000e-01 1.0000000e-09
3.0000000e-01 1.0000000e-09
3.0000000e-01 1.0000000e-09
3.0000000e-01 1.0000000e-09
3.0000000e-01 1.0000000e-09
3.0000000e-01 1.0000000e-09
3.0000000e-01 1.0000000e-09
3.0000000e-01 1.0000000e-09
3.0000000e-01 1.0000000e-09
3.0000000e-01 1.0000000e-09
3.0000000e-01 1.0000000e-09
3.0000000e-01 1.0000000e-09
3.0000000e-01 1.0000000e-09
3.0000000e-01 1.0000000e-09
3.0000000e-01 1.0000000e-09
3.0000000e-01 1.0000000e-09
3.0000000e-01 1.0000000e-09
3.0000000e-01 1.0000000e-09
3.0000000e-01 1.0000000e-09
3.0000000e-01 1.0000000e-09
3.0000000e-01 1.0000000e-09
3.0000000e-01 1.0000000e-09
3.0000000e-01 1.0000000e-09
3.0000000e-01 1.0000000e-09
3.0000000e-01 1.0000000e-09
3.0000000e-01 1.0000000e-09
3.0000000e-01 1.0000000e-09
3.0000000e-01 1.0000000e-09
3.0000000e-01 1.0000000e-09
3.0000000e-01 1.0000000e-09
3.0000000e-01 1.0000000e-09
3.0000000e-01 1.0000000e-09
3.0000000e-01 1.0000000e-09
3.0000000e-01 1.0000000e-09
3.0000000e-01 1.0000000e-09
3.0000000e-01 1.0000000e-09
3.0000000e-01 1.0000000e-09
3.0000000e-01 1.0000000e-09
3.0000000e-01 1.0000000e-09
3.0000000e-01 1.0000000e-09
3.0000000e-01 1.0000000e-09
3.0000000e-01 1.0000000e-09
3.0000000e-01 1.0000000e-09
3.0000000e-01 1.0000000e-09
3.0000000e-01 1.0000000e-09
3.0000000e-01 1.0000000e-09
3.0000000e-01 1.0000000e-09
3.0000000e-01 1.0000000e-09
3.0000000e-01 1.0000000e-09
3.0000000e-01 1.0000000e-09
3.0000000e-01 1.0000000e-09
3.0000000e-01 1.0000000e-09
3.0000000e-01 1.0000000e-09
3.0000000e-01 1.0000000e-09
3.0000000e-01 1.0000000e-09
3.0000000e-01 1.0000000e-09
3.0000000e-01 1.0000000e-09
3.0000000e-01 1.0000000e-09
3.0000000e-01 1.0000000e-09
3.0000000e-01 1.0000000e-09
3.0000000e-01 1.0000000e-09
3.0000000e-01 1.0000000e-09
3.0000000e-01 1.0000000e-09
3.0000000e-01 1.0000000e-09
3.0000000e-01 1.0000000e-09
3.0000000e-01 1.0000000e-09
3.0000000e-01 1.0000000e-09
3.0000000e-01 1.0000000e-09
3.0000000e-01 1.0000000e-09
3.0000000e-01 1.0000000e-09
3.0000000e-01 1.0000000e-09
3.0000000e-01 1.0000000e-09
3.0000000e-01 1.0000000e-09
3.0000000e-01 1.0000000e-09
3.0000000e-01 1.0000000e-09
3.0000000e-01 1.0000000e-09
3.0000000e-01 1.0000000e-09
3.0000000e-01 1.0000000e-09
3.0000000e-01 1.0000000e-09
3.0000000e-01 1.0000000e-09
3.0000000e-01 1.0000000e-09
3.0000000e-01 1.0000000e-09
3.0000000e-01 1.0000000e-09
3.0000000e-01 3.0010765e-08
3.0000000e-01 1.6663609e-02
3.0000000e-01 7.9033011e-01
3.0000000e-01 1.7118071e-01
3.0000000e-01 2.9781726e-03
3.0000000e-01 5.1269673e-09
3.0000000e-01 1.0000000e-09
3.0000000e-01 2.7565242e-05
3.0000000e-01 8.2596693e-01
3.0000000e-01 3.5528168e-01
3.0000000e-01 3.7276772e-02
3.0000000e-01 1.2142713e-02
3.0000000e-01 6.5288896e-02
3.0000000e-01 2.4432238e-01
3.0000000e-01 2.0156120e-01
3.0000000e-01 2.3021092e-01
3.0000000e-01 1.0000000e+00
3.0000000e-01 1.0000000e+00
3.0000000e-01 1.0000000e+00
3.0000000e-01 1.0000000e+00
3.0000000e-01 1.0000000e+00
3.0000000e-01 1.0000000e+00
3.0000000e-01 3.3497724e-01
3.0000000e-01 1.0000000e+00
3.0000000e-01 1.0000000e+00
3.0000000e-01 2.2926114e-01
3.0000000e-01 1.7167313e-02
3.0000000e-01 2.0592069e-04
3.0000000e-01 2.0336552e-02
3.0000000e-01 3.0922953e-01
3.0000000e-01 3.1753720e-02
3.0000000e-01 2.2684975e-04
3.0000000e-01 8.5487522e-04
3.0000000e-01 1.1601426e-06
3.0000000e-01 1.0000000e-09
3.0000000e-01 3.3547801e-05
3.0000000e-01 7.1636675e-04
3.0000000e-01 3.4418742e-03
3.0000000e-01 2.3217022e-01
3.0000000e-01 8.8630518e-02
3.0000000e-01 1.0000000e-09
3.0000000e-01 1.0000000e-09
3.0000000e-01 1.0000000e-09
3.0000000e-01 9.3303599e-09
3.0000000e-01 1.0000000e-09
3.0000000e-01 1.0000000e-09
3.0000000e-01 1.0000000e-09
3.0000000e-01 5.8732119e-09
3.0000000e-01 1.0000000e-09
3.0000000e-01 1.0000000e-09
3.0000000e-01 1.0000000e-09
3.0000000e-01 1.0000000e-09
3.0000000e-01 1.0000000e-09
3.0000000e-01 1.0000000e-09
3.0000000e-01 1.0000000e-09
3.0000000e-01 1.0000000e-09
3.0000000e-01 1.0000000e-09
3.0000000e-01 1.0000000e-09
3.0000000e-01 1.0000000e-09
3.0000000e-01 1.0000000e-09
3.0000000e-01 1.0000000e-09
3.0000000e-01 1.0000000e-09
3.0000000e-01 1.0000000e-09
3.0000000e-01 1.0000000e-09
3.0000000e-01 1.0000000e+00
3.0000000e-01 1.0000000e+00
3.0000000e-01 1.0000000e+00
3.0000000e-01 1.0000000e+00
3.0000000e-01 1.0000000e+00
3.0000000e-01 1.0000000e+00
3.0000000e-01 1.0000000e+00
3.0000000e-01 1.0000000e+00
3.0000000e-01 1.0000000e+00
3.0000000e-01 1.0000000e+00
3.0000000e-01 1.0000000e+00
3.0000000e-01 1.0000000e+00
3.0000000e-01 1.0000000e+00
3.0000000e-01 1.0000000e+00
3.0000000e-01 1.0000000e+00
3.0000000e-01 1.0000000e+00
3.0000000e-01 1.0000000e+00
3.0000000e-01 1.0000000e+00
3.0000000e-01 1.0000000e+00
3.0000000e-01 1.0000000e+00
3.0000000e-01 1.0000000e+00
3.0000000e-01 1.0000000e+00
3.0000000e-01 1.0000000e+00
3.0000000e-01 1.0000000e+00
3.0000000e-01 1.0000000e+00
3.0000000e-01 1.0000000e+00
3.0000000e-01 1.0000000e+00
3.0000000e-01 1.0000000e+00
3.0000000e-01 1.0000000e+00
3.0000000e-01 1.0000000e+00
3.0000000e-01 1.0000000e+00
3.0000000e-01 1.0000000e+00
3.0000000e-01 1.0000000e+00
3.0000000e-01 1.0000000e+00
3.0000000e-01 1.0000000e+00
3.0000000e-01 1.0000000e+00
3.0000000e-01 1.0000000e+00
3.0000000e-01 1.0000000e+00
3.0000000e-01 1.0000000e+00
3.0000000e-01 1.0000000e+00
3.0000000e-01 1.0000000e+00
3.0000000e-01 1.0000000e+00
3.0000000e-01 1.0000000e+00
3.0000000e-01 1.0000000e+00
3.0000000e-01 1.0000000e+00
3.0000000e-01 1.0000000e+00
3.0000000e-01 1.0000000e+00
3.0000000e-01 1.0000000e+00
3.0000000e-01 1.0000000e-09
3.0000000e-01 1.0000000e-09
3.0000000e-01 1.0000000e-09
3.0000000e-01 1.0000000e-09
3.0000000e-01 1.0000000e-09
3.0000000e-01 1.0000000e-09
3.0000000e-01 1.0000000e-09
3.0000000e-01 1.0000000e-09
3.0000000e-01 1.0000000e-09
3.0000000e-01 1.1498559e-05
3.0000000e-01 1.1050779e-02
3.0000000e-01 1.1439121e-01
3.0000000e-01 2.0343413e-03
3.0000000e-01 1.3561408e-06
3.0000000e-01 1.0556239e-03
3.0000000e-01 5.0414355e-02
3.0000000e-01 1.0000000e+00
3.0000000e-01 1.0000000e+00
3.0000000e-01 2.3186605e-01
3.0000000e-01 1.0000000e+00
3.0000000e-01 1.0000000e+00
3.0000000e-01 1.0000000e+00
3.0000000e-01 1.0000000e+00
3.0000000e-01 1.0000000e+00
3.0000000e-01 1.0000000e-09
3.0000000e-01 1.0000000e+00
3.0000000e-01 1.0000000e+00
3.0000000e-01 1.0000000e+00
3.0000000e-01 1.0000000e+00
3.0000000e-01 1.0000000e+00
3.0000000e-01 1.0000000e+00
3.0000000e-01 1.0000000e+00
3.0000000e-01 1.0000000e+00
3.0000000e-01 1.0000000e+00
3.0000000e-01 1.0000000e+00
3.0000000e-01 1.0000000e+00
3.0000000e-01 1.0000000e+00
3.0000000e-01 1.0000000e+00
3.0000000e-01 1.0000000e+00
3.0000000e-01 1.0000000e+00
3.0000000e-01 1.0000000e+00
3.0000000e-01 1.0000000e+00
3.0000000e-01 1.0000000e+00
3.0000000e-01 1.0000000e+00
3.0000000e-01 1.0000000e+00
3.0000000e-01 1.0000000e+00
3.0000000e-01 1.0000000e+00
3.0000000e-01 1.0000000e+00
3.0000000e-01 1.0000000e+00
3.0000000e-01 1.0000000e+00
3.0000000e-01 1.0000000e+00
3.0000000e-01 1.0000000e+00
3.0000000e-01 1.0000000e+00
3.0000000e-01 1.0000000e+00
3.0000000e-01 1.0000000e+00
3.0000000e-01 1.0000000e+00
3.0000000e-01 1.0000000e+00
3.0000000e-01 1.0000000e+00
3.0000000e-01 1.0000000e+00
3.0000000e-01 1.0000000e+00
3.0000000e-01 1.0000000e+00
3.0000000e-01 1.0000000e+00
3.0000000e-01 1.0000000e+00
3.0000000e-01 1.0000000e+00
3.0000000e-01 1.0000000e+00
3.0000000e-01 1.0000000e+00
3.0000000e-01 1.0000000e+00
3.0000000e-01 1.0000000e+00
3.0000000e-01 1.0000000e+00
3.0000000e-01 1.0000000e+00
3.0000000e-01 1.0000000e+00
3.0000000e-01 1.0000000e+00
3.0000000e-01 1.0000000e+00
3.0000000e-01 1.0000000e+00
3.0000000e-01 1.0000000e+00
3.0000000e-01 1.0000000e+00
3.0000000e-01 1.0000000e+00
3.0000000e-01 1.0000000e+00
3.0000000e-01 1.0000000e+00
3.0000000e-01 1.0000000e+00
3.0000000e-01 1.0000000e+00
3.0000000e-01 1.0000000e+00
3.0000000e-01 1.0000000e+00
3.0000000e-01 1.0000000e+00
3.0000000e-01 1.0000000e+00
3.0000000e-01 1.0000000e+00
3.0000000e-01 1.0000000e+00
3.0000000e-01 1.0000000e+00
3.0000000e-01 1.0000000e+00
3.0000000e-01 1.0000000e+00
3.0000000e-01 1.0000000e+00
3.0000000e-01 1.0000000e+00
3.0000000e-01 1.0000000e+00
3.0000000e-01 1.0000000e+00
3.0000000e-01 1.0000000e+00
3.0000000e-01 1.0000000e+00
3.0000000e-01 1.0000000e+00
3.0000000e-01 1.0000000e+00
3.0000000e-01 1.0000000e+00
3.0000000e-01 1.0000000e+00
3.0000000e-01 1.0000000e+00
3.0000000e-01 1.0000000e+00
3.0000000e-01 1.0000000e+00
3.0000000e-01 1.0000000e+00
3.0000000e-01 1.0000000e+00
3.0000000e-01 1.0000000e+00
3.0000000e-01 1.0000000e+00
3.0000000e-01 1.0000000e+00
3.0000000e-01 1.0000000e+00
3.0000000e-01 1.0000000e+00
3.0000000e-01 1.0000000e+00
3.0000000e-01 1.0000000e+00
3.0000000e-01 1.0000000e-09
3.0000000e-01 1.0000000e+00
3.0000000e-01 1.0000000e+00
3.0000000e-01 1.0000000e+00
3.0000000e-01 1.0000000e+00
3.0000000e-01 1.0000000e+00
3.0000000e-01 1.0000000e+00
3.0000000e-01 1.0000000e+00
3.0000000e-01 1.0000000e+00
3.0000000e-01 1.0000000e+00
3.0000000e-01 1.0000000e+00
3.0000000e-01 1.0000000e+00
3.0000000e-01 1.0000000e+00
3.0000000e-01 1.0000000e+00
3.0000000e-01 1.0000000e+00
3.0000000e-01 1.0000000e+00
3.0000000e-01 1.0000000e+00
3.0000000e-01 6.4728543e-01
3.0000000e-01 4.8374740e-02
3.0000000e-01 8.7277872e-05
3.0000000e-01 7.5619458e-04
3.0000000e-01 9.6002122e-02
3.0000000e-01 8.5851013e-01
3.0000000e-01 1.0000000e+00
3.0000000e-01 1.8488915e-01
3.0000000e-01 1.0000000e+00
3.0000000e-01 3.3257638e-01
3.0000000e-01 3.5600328e-02
3.0000000e-01 1.1795380e-01
3.0000000e-01 6.1763941e-01
3.0000000e-01 1.0000000e+00
3.0000000e-01 1.0000000e+00
3.0000000e-01 7.3960335e-01
3.0000000e-01 3.2634801e-01
3.0000000e-01 1.1942537e-01
3.0000000e-01 2.2274896e-02
3.0000000e-01 2.3802778e-01
3.0000000e-01 5.6609375e-01
3.0000000e-01 9.2581579e-01
3.0000000e-01 1.0000000e+00
3.0000000e-01 1.0000000e+00
3.0000000e-01 1.0000000e+00
3.0000000e-01 1.0000000e+00
3.0000000e-01 1.0000000e+00
3.0000000e-01 1.0000000e+00
3.0000000e-01 1.0000000e+00
3.0000000e-01 1.0000000e+00
3.0000000e-01 1.0000000e+00
3.0000000e-01 1.0000000e+00
3.0000000e-01 1.0000000e+00
3.0000000e-01 1.0000000e+00
3.0000000e-01 1.0000000e+00
3.0000000e-01 5.0116965e-01
3.0000000e-01 1.0000000e+00
3.0000000e-01 1.0000000e+00
3.0000000e-01 1.0000000e+00
3.0000000e-01 1.0000000e+00
3.0000000e-01 1.0000000e+00
3.0000000e-01 1.0000000e+00
3.0000000e-01 1.0000000e+00
3.0000000e-01 1.0000000e+00
3.0000000e-01 1.0000000e+00
3.0000000e-01 1.0000000e+00
3.0000000e-01 1.0000000e+00
3.0000000e-01 1.0000000e+00
3.0000000e-01 1.0000000e+00
3.0000000e-01 1.0000000e+00
3.0000000e-01 1.0000000e+00
3.0000000e-01 1.0000000e+00
3.0000000e-01 1.0000000e+00
3.0000000e-01 1.0000000e+00
3.0000000e-01 1.0000000e+00
3.0000000e-01 1.0000000e+00
3.0000000e-01 1.0000000e+00
3.0000000e-01 1.0000000e+00
3.0000000e-01 1.0000000e+00
3.0000000e-01 1.0000000e+00
3.0000000e-01 1.0000000e+00
3.0000000e-01 1.0000000e+00
3.0000000e-01 1.0000000e+00
3.0000000e-01 1.0000000e+00
3.0000000e-01 1.0000000e+00
3.0000000e-01 1.0000000e+00
3.0000000e-01 1.0000000e+00
3.0000000e-01 1.0000000e+00
3.0000000e-01 1.0000000e+00
3.0000000e-01 1.0000000e+00
3.0000000e-01 1.0000000e+00
3.0000000e-01 1.0000000e+00
3.0000000e-01 1.0000000e+00
3.0000000e-01 1.0000000e+00
3.0000000e-01 1.0000000e+00
3.0000000e-01 1.0000000e+00
3.0000000e-01 1.0000000e+00
3.0000000e-01 1.0000000e+00
3.0000000e-01 1.0000000e+00
3.0000000e-01 1.0000000e+00
3.0000000e-01 1.0000000e+00
3.0000000e-01 1.0000000e+00
3.0000000e-01 1.0000000e+00
3.0000000e-01 1.0000000e+00
3.0000000e-01 1.0000000e+00
3.0000000e-01 1.0000000e+00
3.0000000e-01 1.0000000e+00
3.0000000e-01 1.0000000e+00
3.0000000e-01 1.0000000e+00
3.0000000e-01 1.0000000e+00
3.0000000e-01 1.0000000e+00
3.0000000e-01 1.0000000e+00
3.0000000e-01 1.0000000e+00
3.0000000e-01 1.0000000e+00
3.0000000e-01 1.0000000e+00
3.0000000e-01 1.0000000e+00
3.0000000e-01 1.0000000e+00
3.0000000e-01 1.0000000e+00
3.0000000e-01 1.0000000e+00
3.0000000e-01 1.0000000e+00
3.0000000e-01 1.0000000e-09
3.0000000e-01 1.0000000e-09
3.0000000e-01 1.0000000e-09
3.0000000e-01 1.0000000e-09
3.0000000e-01 1.0000000e-09
3.0000000e-01 1.0000000e-09
3.0000000e-01 1.0000000e-09
3.0000000e-01 1.0000000e-09
3.0000000e-01 1.0000000e-09
3.0000000e-01 1.0000000e-09
3.0000000e-01 1.0000000e-09
3.0000000e-01 1.0000000e+00
3.0000000e-01 1.0000000e+00
3.0000000e-01 1.0000000e+00
3.0000000e-01 1.0000000e+00
3.0000000e-01 1.0000000e+00
3.0000000e-01 1.0000000e+00
3.0000000e-01 1.0000000e+00
3.0000000e-01 1.0000000e+00
3.0000000e-01 1.0000000e+00
3.0000000e-01 1.0000000e+00
3.0000000e-01 1.0000000e+00
3.0000000e-01 1.0000000e+00
3.0000000e-01 1.0000000e+00
3.0000000e-01 1.0000000e+00
3.0000000e-01 1.0000000e+00
3.0000000e-01 1.0000000e+00
3.0000000e-01 1.0000000e+00
3.0000000e-01 5.3659423e-01
3.0000000e-01 2.8932301e-01
3.0000000e-01 4.5501581e-01
3.0000000e-01 9.4327197e-01
3.0000000e-01 1.0000000e+00
3.0000000e-01 1.0000000e+00
3.0000000e-01 1.0000000e+00
3.0000000e-01 1.0000000e+00
3.0000000e-01 1.0000000e+00
3.0000000e-01 1.0000000e+00
3.0000000e-01 1.0000000e+00
3.0000000e-01 1.0000000e+00
3.0000000e-01 1.0000000e+00
3.0000000e-01 1.0000000e+00
3.0000000e-01 1.0000000e+00
3.0000000e-01 1.0000000e+00
3.0000000e-01 1.0000000e+00
3.0000000e-01 1.0000000e+00
3.0000000e-01 1.0000000e+00
3.0000000e-01 1.0000000e+00
3.0000000e-01 1.0000000e+00
3.0000000e-01 1.0000000e+00
3.0000000e-01 1.0000000e+00
3.0000000e-01 1.0000000e+00
3.0000000e-01 1.0000000e+00
3.0000000e-01 1.0000000e+00
3.0000000e-01 1.0000000e+00
3.0000000e-01 1.0000000e+00
3.0000000e-01 1.0000000e+00
3.0000000e-01 1.0000000e+00
3.0000000e-01 1.0000000e+00
3.0000000e-01 1.0000000e+00
3.0000000e-01 1.0000000e+00
3.0000000e-01 1.0000000e+00
3.0000000e-01 1.0000000e+00
3.0000000e-01 1.0000000e+00
3.0000000e-01 1.0000000e+00
3.0000000e-01 1.0000000e+00
3.0000000e-01 1.0000000e+00
3.0000000e-01 1.0000000e+00
3.0000000e-01 8.2683384e-01
3.0000000e-01 8.4507549e-01
3.0000000e-01 1.0000000e+00
3.0000000e-01 1.0000000e+00
3.0000000e-01 1.0000000e+00
3.0000000e-01 1.0000000e+00
3.0000000e-01 1.0000000e+00
3.0000000e-01 8.6875371e-01
3.0000000e-01 1.0000000e+00
3.0000000e-01 9.1946666e-01
3.0000000e-01 1.0000000e+00
3.0000000e-01 1.0000000e+00
3.0000000e-01 1.0000000e+00
3.0000000e-01 1.0000000e+00
3.0000000e-01 1.0000000e+00
3.0000000e-01 1.0000000e+00
3.0000000e-01 1.0000000e+00
3.0000000e-01 1.0000000e+00
3.0000000e-01 1.0000000e+00
3.0000000e-01 1.0000000e+00
3.0000000e-01 1.0000000e+00
3.0000000e-01 1.0000000e+00
3.0000000e-01 1.0000000e+00
3.0000000e-01 1.0000000e+00
3.0000000e-01 1.0000000e+00
3.0000000e-01 1.0000000e+00
3.0000000e-01 1.0000000e+00
3.0000000e-01 1.0000000e+00
3.0000000e-01 1.0000000e+00
3.0000000e-01 1.0000000e+00
3.0000000e-01 1.0000000e+00
3.0000000e-01 1.0000000e+00
3.0000000e-01 1.0000000e+00
3.0000000e-01 1.0000000e+00
3.0000000e-01 1.0000000e+00
3.0000000e-01 1.0000000e+00
3.0000000e-01 1.0000000e+00
3.0000000e-01 1.0000000e+00
3.0000000e-01 1.0000000e+00
3.0000000e-01 1.0000000e+00
3.0000000e-01 1.0000000e+00
3.0000000e-01 1.0000000e+00
3.0000000e-01 1.0000000e+00
3.0000000e-01 1.0000000e+00
3.0000000e-01 1.0000000e+00
3.0000000e-01 2.9102387e-01
3.0000000e-01 1.0000000e+00
3.0000000e-01 1.0000000e+00
3.0000000e-01 1.0000000e+00
3.0000000e-01 8.5774917e-01
3.0000000e-01 5.9088213e-01
3.0000000e-01 1.0000000e+00
3.0000000e-01 1.0000000e+00
3.0000000e-01 1.0000000e+00
3.0000000e-01 1.0000000e+00
3.0000000e-01 1.0000000e+00
3.0000000e-01 1.0000000e+00
3.0000000e-01 1.0000000e+00
3.0000000e-01 1.3706423e-01
3.0000000e-01 3.0622081e-03
3.0000000e-01 1.2306655e-06
3.0000000e-01 1.0000000e-09
3.0000000e-01 1.0000000e-09
3.0000000e-01 1.0000000e-09
3.0000000e-01 1.0000000e-09
3.0000000e-01 1.0000000e-09
3.0000000e-01 1.0000000e-09
3.0000000e-01 1.0000000e-09
3.0000000e-01 1.0000000e-09
3.0000000e-01 1.0000000e-09
3.0000000e-01 1.0000000e-09
3.0000000e-01 1.0000000e-09
3.0000000e-01 1.0000000e-09
3.0000000e-01 1.0000000e-09
3.0000000e-01 1.0000000e-09
3.0000000e-01 1.0000000e+00
3.0000000e-01 1.0000000e+00
3.0000000e-01 1.0000000e+00
3.0000000e-01 1.0000000e+00
3.0000000e-01 1.0000000e+00
3.0000000e-01 1.0000000e+00
3.0000000e-01 1.0000000e-09
3.0000000e-01 1.0000000e+00
3.0000000e-01 1.0000000e+00
3.0000000e-01 1.0000000e+00
3.0000000e-01 1.0000000e+00
3.0000000e-01 1.0000000e+00
3.0000000e-01 1.0000000e+00
3.0000000e-01 1.0000000e+00
3.0000000e-01 1.0000000e+00
3.0000000e-01 1.0000000e+00
3.0000000e-01 1.0000000e+00
3.0000000e-01 1.0000000e+00
3.0000000e-01 1.0000000e+00
3.0000000e-01 1.0000000e+00
3.0000000e-01 1.0000000e+00
3.0000000e-01 1.0000000e+00
3.0000000e-01 1.0000000e+00
3.0000000e-01 1.0000000e+00
3.0000000e-01 1.0000000e+00
3.0000000e-01 1.0000000e+00
3.0000000e-01 1.0000000e+00
3.0000000e-01 1.0000000e+00
3.0000000e-01 1.0000000e+00
3.0000000e-01 1.0000000e+00
3.0000000e-01 1.0000000e+00
3.0000000e-01 1.0000000e+00
3.0000000e-01 1.0000000e+00
3.0000000e-01 1.0000000e+00
3.0000000e-01 1.0000000e+00
3.0000000e-01 1.0000000e+00
3.0000000e-01 1.0000000e+00
3.0000000e-01 1.0000000e+00
3.0000000e-01 1.0000000e+00
3.0000000e-01 1.0000000e+00
3.0000000e-01 1.0000000e+00
3.0000000e-01 1.0000000e+00
3.0000000e-01 1.0000000e+00
3.0000000e-01 1.0000000e+00
3.0000000e-01 1.0000000e+00
3.0000000e-01 1.0000000e+00
3.0000000e-01 1.0000000e+00
3.0000000e-01 1.0000000e-09
3.0000000e-01 1.0000000e+00
3.0000000e-01 1.0000000e+00
3.0000000e-01 1.0000000e+00
3.0000000e-01 1.0000000e+00
3.0000000e-01 1.0000000e+00
3.0000000e-01 1.0000000e+00
3.0000000e-01 1.0000000e+00
3.0000000e-01 1.0000000e+00
3.0000000e-01 1.0000000e+00
3.0000000e-01 1.0000000e-09
3.0000000e-01 1.0000000e-09
3.0000000e-01 1.0000000e-09
3.0000000e-01 1.0000000e-09
3.0000000e-01 1.0000000e-09
3.0000000e-01 1.0000000e-09
3.0000000e-01 1.0000000e-09
3.0000000e-01 1.0000000e+00
3.0000000e-01 1.0000000e+00
3.0000000e-01 1.0000000e+00
3.0000000e-01 1.0000000e+00
3.0000000e-01 1.0000000e+00
3.0000000e-01 1.0000000e+00
3.0000000e-01 1.0000000e+00
3.0000000e-01 1.0000000e+00
3.0000000e-01 1.0000000e+00
3.0000000e-01 1.0000000e+00
3.0000000e-01 1.0000000e+00
3.0000000e-01 1.0000000e+00
3.0000000e-01 1.0000000e+00
3.0000000e-01 1.0000000e+00
3.0000000e-01 1.0000000e+00
3.0000000e-01 1.0000000e+00
3.0000000e-01 1.0000000e+00
3.0000000e-01 1.0000000e+00
3.0000000e-01 1.0000000e+00
3.0000000e-01 1.0000000e+00
3.0000000e-01 1.0000000e+00
3.0000000e-01 1.0000000e+00
3.0000000e-01 1.0000000e+00
3.0000000e-01 1.0000000e+00
3.0000000e-01 1.0000000e+00
3.0000000e-01 1.0000000e+00
3.0000000e-01 1.0000000e+00
3.0000000e-01 1.0000000e+00
3.0000000e-01 1.0000000e+00
3.0000000e-01 1.0000000e+00
3.0000000e-01 1.0000000e+00
3.0000000e-01 1.0000000e+00
3.0000000e-01 1.0000000e+00
3.0000000e-01 1.0000000e+00
3.0000000e-01 1.0000000e+00
3.0000000e-01 1.0000000e+00
3.0000000e-01 1.0000000e+00
3.0000000e-01 1.0000000e+00
3.0000000e-01 1.0000000e+00
3.0000000e-01 1.0000000e+00
3.0000000e-01 3.1039711e-07
3.0000000e-01 1.0000000e-09
3.0000000e-01 1.0000000e-09
3.0000000e-01 1.0000000e-09
3.0000000e-01 1.0000000e-09
3.0000000e-01 6.9397174e-09
3.0000000e-01 1.0000000e-09
3.0000000e-01 5.3808677e-03
3.0000000e-01 2.8823065e-03
3.0000000e-01 7.7104915e-04
3.0000000e-01 3.5030468e-01
3.0000000e-01 3.8883032e-01
3.0000000e-01 5.4587180e-01
3.0000000e-01 1.0000000e+00
3.0000000e-01 1.0000000e+00
3.0000000e-01 1.0000000e+00
3.0000000e-01 1.0000000e+00
3.0000000e-01 1.0000000e+00
3.0000000e-01 1.0000000e+00
3.0000000e-01 1.0000000e+00
3.0000000e-01 1.0000000e+00
3.0000000e-01 1.0000000e+00
3.0000000e-01 1.0000000e+00
3.0000000e-01 1.0000000e+00
3.0000000e-01 1.0000000e+00
3.0000000e-01 1.0000000e+00
3.0000000e-01 1.0000000e+00
3.0000000e-01 1.0000000e+00
3.0000000e-01 1.0000000e+00
3.0000000e-01 1.0000000e+00
3.0000000e-01 1.0000000e+00
3.0000000e-01 1.0000000e+00
3.0000000e-01 1.0000000e+00
3.0000000e-01 1.0000000e+00
3.0000000e-01 1.0000000e+00
3.0000000e-01 1.0000000e+00
3.0000000e-01 1.0000000e+00
3.0000000e-01 1.0000000e+00
3.0000000e-01 1.0000000e+00
3.0000000e-01 1.0000000e+00
3.0000000e-01 1.0000000e+00
3.0000000e-01 1.0000000e+00
3.0000000e-01 1.0000000e+00
3.0000000e-01 1.0000000e+00
3.0000000e-01 1.0000000e+00
3.0000000e-01 1.0000000e+00
3.0000000e-01 1.0000000e+00
3.0000000e-01 1.0000000e+00
3.0000000e-01 1.0000000e+00
3.0000000e-01 1.0000000e+00
3.0000000e-01 1.0000000e+00
3.0000000e-01 1.0000000e+00
3.0000000e-01 1.0000000e+00
3.0000000e-01 1.0000000e+00
3.0000000e-01 1.0000000e+00
3.0000000e-01 1.0000000e+00
3.0000000e-01 1.0000000e+00
3.0000000e-01 1.0000000e+00
3.0000000e-01 1.0000000e+00
3.0000000e-01 1.0000000e+00
3.0000000e-01 1.0000000e+00
3.0000000e-01 1.0000000e+00
3.0000000e-01 1.0000000e+00
3.0000000e-01 1.0000000e+00
3.0000000e-01 1.0000000e+00
3.0000000e-01 1.0000000e+00
3.0000000e-01 1.0000000e+00
3.0000000e-01 1.0000000e+00
3.0000000e-01 1.0000000e+00
3.0000000e-01 1.0000000e+00
3.0000000e-01 1.0000000e+00
3.0000000e-01 3.5304762e-02
3.0000000e-01 5.0822017e-01
3.0000000e-01 1.0000000e+00
3.0000000e-01 1.0000000e+00
3.0000000e-01 1.3850337e-01
3.0000000e-01 2.1230067e-03
3.0000000e-01 2.8002773e-05
3.0000000e-01 1.7967293e-02
3.0000000e-01 1.0000000e-09
3.0000000e-01 4.2318659e-08
3.0000000e-01 1.7861572e-04
3.0000000e-01 2.8884545e-07
3.0000000e-01 1.0000000e-09
3.0000000e-01 1.0000000e-09
3.0000000e-01 1.0000000e-09
3.0000000e-01 1.0000000e-09
3.0000000e-01 4.7341367e-04
3.0000000e-01 1.6138884e-07
3.0000000e-01 1.0000000e-09
3.0000000e-01 1.0000000e-09
3.0000000e-01 1.0000000e-09
3.0000000e-01 2.6188694e-06
3.0000000e-01 1.2586771e-09
3.0000000e-01 1.0000000e-09
3.0000000e-01 1.0000000e+00
3.0000000e-01 5.0990833e-01
3.0000000e-01 4.1142633e-02
3.0000000e-01 3.6443575e-03
3.0000000e-01 1.4713908e-01
3.0000000e-01 1.0000000e+00
3.0000000e-01 3.6023692e-01
3.0000000e-01 1.5723282e-02
3.0000000e-01 1.0000000e+00
3.0000000e-01 1.0000000e+00
3.0000000e-01 1.0000000e+00
3.0000000e-01 1.0000000e+00
3.0000000e-01 1.0000000e+00
3.0000000e-01 1.0000000e+00
3.0000000e-01 1.0000000e+00
3.0000000e-01 1.0000000e+00
3.0000000e-01 1.0000000e+00
3.0000000e-01 1.0000000e+00
3.0000000e-01 1.0000000e+00
3.0000000e-01 1.0000000e+00
3.0000000e-01 1.0000000e+00
3.0000000e-01 1.0000000e+00
3.0000000e-01 1.0000000e+00
3.0000000e-01 1.0000000e+00
3.0000000e-01 1.0000000e+00
3.0000000e-01 1.0000000e+00
3.0000000e-01 1.0000000e+00
3.0000000e-01 1.0000000e+00
3.0000000e-01 1.0000000e+00
3.0000000e-01 1.0000000e+00
3.0000000e-01 1.0000000e+00
3.0000000e-01 1.0000000e+00
3.0000000e-01 1.0000000e+00
3.0000000e-01 1.0000000e+00
3.0000000e-01 1.0000000e+00
3.0000000e-01 1.0000000e+00
3.0000000e-01 1.0000000e+00
3.0000000e-01 1.0000000e+00
3.0000000e-01 1.0000000e+00
3.0000000e-01 1.0000000e+00
3.0000000e-01 1.0000000e+00
3.0000000e-01 1.0000000e+00
3.0000000e-01 1.0000000e+00
3.0000000e-01 1.0000000e+00
3.0000000e-01 1.0000000e+00
3.0000000e-01 1.0000000e+00
3.0000000e-01 1.0000000e+00
3.0000000e-01 1.0000000e+00
3.0000000e-01 1.0000000e+00
3.0000000e-01 1.0000000e+00
3.0000000e-01 1.0000000e+00
3.0000000e-01 1.0000000e+00
3.0000000e-01 1.0000000e+00
3.0000000e-01 1.0000000e+00
3.0000000e-01 1.0000000e+00
3.0000000e-01 1.0000000e+00
3.0000000e-01 1.0000000e+00
3.0000000e-01 1.0000000e+00
3.0000000e-01 1.0000000e+00
3.0000000e-01 1.0000000e+00
3.0000000e-01 1.0000000e+00
3.0000000e-01 1.0000000e+00
3.0000000e-01 1.0000000e+00
3.0000000e-01 1.0000000e+00
3.0000000e-01 1.0000000e+00
3.0000000e-01 1.0000000e+00
3.0000000e-01 1.0000000e+00
3.0000000e-01 1.0000000e+00
3.0000000e-01 1.0000000e+00
3.0000000e-01 1.0000000e+00
3.0000000e-01 1.0000000e+00
3.0000000e-01 1.0000000e+00
3.0000000e-01 1.0000000e+00
3.0000000e-01 1.0000000e+00
3.0000000e-01 1.0000000e+00
3.0000000e-01 1.0000000e+00
3.0000000e-01 1.0000000e+00
3.0000000e-01 1.0000000e+00
3.0000000e-01 1.0000000e+00
3.0000000e-01 1.0000000e+00
3.0000000e-01 1.0000000e+00
3.0000000e-01 1.0000000e+00
3.0000000e-01 1.0000000e+00
3.0000000e-01 1.0000000e+00
3.0000000e-01 1.0000000e+00
3.0000000e-01 1.0000000e+00
3.0000000e-01 1.0000000e+00
3.0000000e-01 1.0000000e+00
3.0000000e-01 1.0000000e+00
3.0000000e-01 1.0000000e+00
3.0000000e-01 1.0000000e+00
3.0000000e-01 1.0000000e+00
3.0000000e-01 1.0000000e+00
3.0000000e-01 1.0000000e+00
3.0000000e-01 1.0000000e+00
3.0000000e-01 1.0000000e+00
3.0000000e-01 1.0000000e+00
3.0000000e-01 1.0000000e+00
3.0000000e-01 9.3865631e-01
3.0000000e-01 3.4156368e-01
3.0000000e-01 1.0000000e+00
3.0000000e-01 1.0000000e+00
3.0000000e-01 1.0000000e+00
3.0000000e-01 1.0000000e+00
3.0000000e-01 9.6518709e-02
3.0000000e-01 8.4151843e-04
3.0000000e-01 5.7417580e-08
3.0000000e-01 1.0000000e-09
3.0000000e-01 6.4582562e-06
3.0000000e-01 1.0998260e-02
3.0000000e-01 7.3099407e-04
3.0000000e-01 1.0524458e-08
3.0000000e-01 1.0000000e-09
3.0000000e-01 1.0000000e-09
3.0000000e-01 1.0000000e-09
3.0000000e-01 1.0000000e-09
3.0000000e-01 1.0000000e-09
3.0000000e-01 1.0000000e-09
3.0000000e-01 1.0000000e-09
3.0000000e-01 1.0000000e-09
3.0000000e-01 1.0000000e-09
3.0000000e-01 1.0000000e-09
3.0000000e-01 1.0000000e-09
3.0000000e-01 1.0000000e-09
3.0000000e-01 1.0000000e-09
3.0000000e-01 1.0000000e-09
3.0000000e-01 1.0000000e-09
3.0000000e-01 1.0000000e-09
3.0000000e-01 7.8965494e-08
3.0000000e-01 1.2717133e-03
3.0000000e-01 1.0342830e-01
3.0000000e-01 9.9457447e-03
3.0000000e-01 1.2587175e-05
3.0000000e-01 1.0000000e-09
3.0000000e-01 1.0000000e-09
3.0000000e-01 1.9596829e-08
3.0000000e-01 9.3330853e-01
3.0000000e-01 1.0000000e+00
3.0000000e-01 1.0000000e+00
3.0000000e-01 1.0000000e+00
3.0000000e-01 1.0000000e+00
3.0000000e-01 2.8623545e-01
3.0000000e-01 5.1575930e-02
3.0000000e-01 6.1139379e-01
3.0000000e-01 1.0000000e+00
3.0000000e-01 1.0000000e+00
3.0000000e-01 1.0000000e+00
3.0000000e-01 1.0000000e+00
3.0000000e-01 1.0000000e+00
3.0000000e-01 1.0000000e+00
3.0000000e-01 1.0000000e+00
3.0000000e-01 1.0000000e+00
3.0000000e-01 1.0000000e+00
3.0000000e-01 1.0000000e+00
3.0000000e-01 1.0000000e+00
3.0000000e-01 1.0000000e+00
3.0000000e-01 1.0000000e+00
3.0000000e-01 1.0000000e+00
3.0000000e-01 1.0000000e+00
3.0000000e-01 1.0000000e+00
3.0000000e-01 1.0000000e+00
3.0000000e-01 1.0000000e+00
3.0000000e-01 1.0000000e+00
3.0000000e-01 1.0000000e+00
3.0000000e-01 1.0000000e+00
3.0000000e-01 1.0000000e+00
3.0000000e-01 1.0000000e+00
3.0000000e-01 1.0000000e+00
3.0000000e-01 1.0000000e+00
3.0000000e-01 1.0000000e+00
3.0000000e-01 1.0000000e+00
3.0000000e-01 1.0000000e+00
3.0000000e-01 1.0000000e+00
3.0000000e-01 1.0000000e+00
3.0000000e-01 1.0000000e+00
3.0000000e-01 1.0000000e+00
3.0000000e-01 1.0000000e+00
3.0000000e-01 1.0000000e+00
3.0000000e-01 1.0000000e+00
3.0000000e-01 1.0000000e+00
3.0000000e-01 1.0000000e+00
3.0000000e-01 1.0000000e+00
3.0000000e-01 1.0000000e+00
3.0000000e-01 1.0000000e+00
3.0000000e-01 1.0000000e+00
3.0000000e-01 1.0000000e+00
3.0000000e-01 1.0000000e+00
3.0000000e-01 1.0000000e+00
3.0000000e-01 1.0000000e+00
3.0000000e-01 1.0000000e+00
3.0000000e-01 1.0000000e+00
3.0000000e-01 1.0000000e+00
3.0000000e-01 1.0000000e+00
3.0000000e-01 1.0000000e+00
3.0000000e-01 1.0000000e+00
3.0000000e-01 1.0000000e+00
3.0000000e-01 1.0000000e+00
3.0000000e-01 1.0000000e+00
3.0000000e-01 2.1626736e-04
3.0000000e-01 5.8886984e-01
3.0000000e-01 1.0000000e+00
3.0000000e-01 2.2284469e-04
3.0000000e-01 1.0000000e+00
3.0000000e-01 1.0000000e+00
3.0000000e-01 1.0000000e+00
3.0000000e-01 1.0000000e+00
3.0000000e-01 1.0000000e+00
3.0000000e-01 1.0000000e+00
3.0000000e-01 1.0000000e+00
3.0000000e-01 1.0000000e+00
3.0000000e-01 1.0000000e+00
3.0000000e-01 1.0000000e+00
3.0000000e-01 1.0000000e+00
3.0000000e-01 1.0000000e+00
3.0000000e-01 1.0000000e+00
3.0000000e-01 1.0000000e+00
3.0000000e-01 1.0000000e+00
3.0000000e-01 1.0000000e+00
3.0000000e-01 1.0000000e+00
3.0000000e-01 1.0000000e+00
3.0000000e-01 1.0000000e+00
3.0000000e-01 1.0000000e+00
3.0000000e-01 1.0000000e+00
3.0000000e-01 1.0000000e+00
3.0000000e-01 1.0000000e+00
3.0000000e-01 1.0000000e+00
3.0000000e-01 1.0000000e+00
3.0000000e-01 1.0000000e+00
3.0000000e-01 1.0000000e+00
3.0000000e-01 1.0000000e+00
3.0000000e-01 1.0000000e+00
3.0000000e-01 1.0000000e+00
3.0000000e-01 1.0000000e+00
3.0000000e-01 1.0000000e+00
3.0000000e-01 1.0000000e+00
3.0000000e-01 1.0000000e+00
3.0000000e-01 1.0000000e+00
3.0000000e-01 1.0000000e+00
3.0000000e-01 1.0000000e+00
3.0000000e-01 1.0000000e+00
3.0000000e-01 1.0000000e+00
3.0000000e-01 1.0000000e+00
3.0000000e-01 1.0000000e+00
3.0000000e-01 1.0000000e+00
3.0000000e-01 1.0000000e+00
3.0000000e-01 1.0000000e+00
3.0000000e-01 1.0000000e+00
3.0000000e-01 1.0000000e+00
3.0000000e-01 1.0000000e+00
3.0000000e-01 1.0000000e+00
3.0000000e-01 1.0000000e+00
3.0000000e-01 1.0000000e+00
3.0000000e-01 1.0000000e+00
3.0000000e-01 1.0000000e+00
3.0000000e-01 1.0000000e+00
3.0000000e-01 1.0000000e+00
3.0000000e-01 3.3819849e-01
3.0000000e-01 1.2421405e-02
3.0000000e-01 9.6239390e-04
3.0000000e-01 8.5257512e-02
3.0000000e-01 7.4670857e-01
3.0000000e-01 2.0092355e-01
3.0000000e-01 8.4182847e-03
3.0000000e-01 7.4384403e-06
3.0000000e-01 1.0000000e-09
3.0000000e-01 1.0000000e-09
3.0000000e-01 1.0000000e-09
3.0000000e-01 1.0000000e-09
3.0000000e-01 1.9891725e-08
3.0000000e-01 1.0000000e-09
3.0000000e-01 1.0000000e-09
3.0000000e-01 1.0000000e-09
3.0000000e-01 1.0000000e-09
3.0000000e-01 1.0000000e-09
3.0000000e-01 1.0000000e-09
3.0000000e-01 1.0000000e-09
3.0000000e-01 1.0000000e-09
3.0000000e-01 1.0000000e-09
3.0000000e-01 1.0000000e-09
3.0000000e-01 1.0000000e-09
3.0000000e-01 1.0000000e-09
3.0000000e-01 1.0000000e-09
3.0000000e-01 1.0000000e-09
3.0000000e-01 1.0000000e-09
3.0000000e-01 1.0000000e-09
3.0000000e-01 1.0000000e-09
3.0000000e-01 1.0000000e-09
3.0000000e-01 1.0000000e-09
3.0000000e-01 1.0000000e-09
3.0000000e-01 1.5266492e-06
3.0000000e-01 1.0000000e-09
3.0000000e-01 1.0000000e-09
3.0000000e-01 1.0000000e-09
3.0000000e-01 1.0000000e-09
3.0000000e-01 1.0000000e-09
3.0000000e-01 2.7866930e-03
3.0000000e-01 1.0981217e-01
3.0000000e-01 8.3114954e-01
3.0000000e-01 1.4857785e-01
3.0000000e-01 7.1892671e-03
3.0000000e-01 1.5429818e-05
3.0000000e-01 5.2627691e-09
3.0000000e-01 3.7489644e-05
3.0000000e-01 1.0000000e+00
3.0000000e-01 1.0000000e+00
3.0000000e-01 1.0000000e+00
3.0000000e-01 1.0000000e+00
3.0000000e-01 1.0000000e+00
3.0000000e-01 9.4141628e-01
3.0000000e-01 1.3756428e-01
3.0000000e-01 7.3641692e-01
3.0000000e-01 1.0000000e+00
3.0000000e-01 1.0000000e+00
3.0000000e-01 1.0000000e+00
3.0000000e-01 1.0000000e+00
3.0000000e-01 1.0000000e+00
3.0000000e-01 1.0000000e+00
3.0000000e-01 1.0000000e+00
3.0000000e-01 1.0000000e+00
3.0000000e-01 1.0000000e+00
3.0000000e-01 1.0000000e+00
3.0000000e-01 1.0000000e+00
3.0000000e-01 1.0000000e+00
3.0000000e-01 1.0000000e+00
3.0000000e-01 1.0000000e+00
3.0000000e-01 1.0000000e+00
3.0000000e-01 1.0000000e+00
3.0000000e-01 1.0000000e+00
3.0000000e-01 1.0000000e+00
3.0000000e-01 1.0000000e+00
3.0000000e-01 1.0000000e+00
3.0000000e-01 1.0000000e+00
3.0000000e-01 1.0000000e+00
3.0000000e-01 1.0000000e+00
3.0000000e-01 1.0000000e+00
3.0000000e-01 1.0000000e+00
3.0000000e-01 1.0000000e+00
3.0000000e-01 1.0000000e+00
3.0000000e-01 1.0000000e+00
3.0000000e-01 1.0000000e+00
3.0000000e-01 1.0000000e+00
3.0000000e-01 1.0000000e+00
3.0000000e-01 1.0000000e+00
3.0000000e-01 1.0000000e+00
3.0000000e-01 1.0000000e+00
3.0000000e-01 1.0000000e+00
3.0000000e-01 1.0000000e+00
3.0000000e-01 1.0000000e+00
3.0000000e-01 1.0000000e+00
3.0000000e-01 1.0000000e+00
3.0000000e-01 1.0000000e+00
3.0000000e-01 1.0000000e+00
3.0000000e-01 1.0000000e+00
3.0000000e-01 1.0000000e+00
3.0000000e-01 1.0000000e+00
3.0000000e-01 1.0000000e+00
3.0000000e-01 2.6007002e-08
3.0000000e-01 2.3413898e-04
3.0000000e-01 5.0724144e-02
3.0000000e-01 1.0000000e-09
3.0000000e-01 1.0000000e-09
3.0000000e-01 1.0000000e-09
3.0000000e-01 1.0000000e-09
3.0000000e-01 1.0000000e-09
3.0000000e-01 1.0000000e-09
3.0000000e-01 1.0000000e-09
3.0000000e-01 1.0000000e-09
3.0000000e-01 1.0000000e-09
3.0000000e-01 1.0000000e-09
3.0000000e-01 1.0000000e-09
3.0000000e-01 1.0000000e-09
3.0000000e-01 1.0000000e-09
3.0000000e-01 1.0000000e-09
3.0000000e-01 1.0000000e-09
3.0000000e-01 1.0000000e-09
3.0000000e-01 1.0000000e-09
3.0000000e-01 1.0000000e-09
3.0000000e-01 1.0000000e-09
3.0000000e-01 1.0000000e-09
3.0000000e-01 1.0000000e-09
3.0000000e-01 1.0292379e-08
3.0000000e-01 2.7631446e-05
3.0000000e-01 3.0287134e-09
3.0000000e-01 1.0000000e-09
3.0000000e-01 1.0000000e-09
3.0000000e-01 1.0000000e-09
3.0000000e-01 1.0000000e-09
3.0000000e-01 5.7449401e-03
3.0000000e-01 6.9257800e-02
3.0000000e-01 4.1113511e-01
3.0000000e-01 1.8317693e-02
3.0000000e-01 1.3179016e-03
3.0000000e-01 8.0549968e-06
3.0000000e-01 1.0000000e-09
3.0000000e-01 1.0000000e+00
3.0000000e-01 1.0000000e+00
3.0000000e-01 1.0000000e+00
3.0000000e-01 1.0000000e+00
3.0000000e-01 1.0000000e+00
3.0000000e-01 1.0000000e+00
3.0000000e-01 1.0000000e+00
3.0000000e-01 1.0000000e+00
3.0000000e-01 1.0000000e+00
3.0000000e-01 1.0000000e+00
3.0000000e-01 1.0000000e+00
3.0000000e-01 1.0000000e+00
3.0000000e-01 1.0000000e+00
3.0000000e-01 6.1945319e-07
3.0000000e-01 1.0000000e-09
3.0000000e-01 1.0000000e-09
3.0000000e-01 1.0000000e-09
3.0000000e-01 1.0000000e-09
3.0000000e-01 1.0000000e-09
3.0000000e-01 1.0000000e-09
3.0000000e-01 1.0000000e-09
3.0000000e-01 1.0000000e+00
3.0000000e-01 1.0000000e+00
3.0000000e-01 1.0000000e+00
3.0000000e-01 1.0000000e+00
3.0000000e-01 1.0000000e+00
3.0000000e-01 1.0000000e+00
3.0000000e-01 5.6513844e-01
3.0000000e-01 8.3391031e-01
3.0000000e-01 1.0000000e+00
3.0000000e-01 1.0000000e+00
3.0000000e-01 1.0000000e+00
3.0000000e-01 1.0000000e+00
3.0000000e-01 1.0000000e+00
3.0000000e-01 1.0000000e+00
3.0000000e-01 1.0000000e+00
3.0000000e-01 1.0000000e+00
3.0000000e-01 1.0000000e+00
3.0000000e-01 1.0000000e+00
3.0000000e-01 1.0000000e+00
3.0000000e-01 1.0000000e+00
3.0000000e-01 1.0000000e+00
3.0000000e-01 1.0000000e+00
3.0000000e-01 1.0000000e+00
3.0000000e-01 1.0000000e+00
3.0000000e-01 1.0000000e+00
3.0000000e-01 1.0000000e+00
3.0000000e-01 1.0000000e+00
3.0000000e-01 1.0000000e+00
3.0000000e-01 1.0000000e+00
3.0000000e-01 1.0000000e+00
3.0000000e-01 1.0000000e+00
3.0000000e-01 8.8345456e-01
3.0000000e-01 1.0000000e+00
3.0000000e-01 1.0000000e+00
3.0000000e-01 1.0000000e+00
3.0000000e-01 8.3165102e-01
3.0000000e-01 9.4991769e-01
3.0000000e-01 9.5374842e-01
3.0000000e-01 6.5225457e-01
3.0000000e-01 5.2208982e-01
3.0000000e-01 5.3764127e-01
3.0000000e-01 4.6001913e-01
3.0000000e-01 4.1303098e-01
3.0000000e-01 1.0006176e-02
3.0000000e-01 1.5160864e-02
3.0000000e-01 2.6590399e-02
3.0000000e-01 1.4457764e-05
3.0000000e-01 2.8326992e-06
3.0000000e-01 3.5560120e-01
3.0000000e-01 3.3640086e-01
3.0000000e-01 3.0246393e-01
3.0000000e-01 3.4201015e-03
3.0000000e-01 5.1246126e-03
3.0000000e-01 7.0484710e-03
3.0000000e-01 2.0793660e-07
3.0000000e-01 6.5968791e-08
3.0000000e-01 2.3905089e-01
3.0000000e-01 1.8386807e-01
3.0000000e-01 1.1993001e-01
3.0000000e-01 2.4330741e-04
3.0000000e-01 8.0921357e-04
3.0000000e-01 1.8876308e-03
3.0000000e-01 3.4580482e-09
3.0000000e-01 1.0000000e-09
3.0000000e-01 8.2919198e-02
3.0000000e-01 5.5778906e-02
3.0000000e-01 2.0928325e-02
3.0000000e-01 2.3752385e-06
3.0000000e-01 1.2393476e-05
3.0000000e-01 5.5562337e-05
3.0000000e-01 1.0000000e-09
3.0000000e-01 1.0000000e-09
3.0000000e-01 1.0000000e+00
3.0000000e-01 1.0000000e+00
3.0000000e-01 1.0000000e+00
3.0000000e-01 1.0000000e+00
3.0000000e-01 1.0000000e+00
3.0000000e-01 1.0000000e+00
3.0000000e-01 1.0000000e+00
3.0000000e-01 1.0000000e+00
3.0000000e-01 1.0000000e+00
3.0000000e-01 1.0000000e+00
3.0000000e-01 1.0000000e+00
3.0000000e-01 1.0000000e+00
3.0000000e-01 1.0000000e+00
3.0000000e-01 1.0000000e+00
3.0000000e-01 1.0000000e+00
3.0000000e-01 1.0000000e+00
3.0000000e-01 1.0000000e+00
3.0000000e-01 1.0000000e+00
3.0000000e-01 1.0000000e+00
3.0000000e-01 1.0000000e+00
3.0000000e-01 1.0000000e+00
3.0000000e-01 1.0000000e+00
3.0000000e-01 1.0000000e+00
3.0000000e-01 1.0000000e+00
3.0000000e-01 1.0000000e+00
3.0000000e-01 1.0000000e+00
3.0000000e-01 1.0000000e+00
3.0000000e-01 1.0000000e+00
3.0000000e-01 1.0000000e+00
3.0000000e-01 1.0000000e+00
3.0000000e-01 1.0000000e+00
3.0000000e-01 1.0000000e+00
3.0000000e-01 1.0000000e+00
3.0000000e-01 1.0000000e+00
3.0000000e-01 1.0000000e+00
3.0000000e-01 1.0000000e+00
3.0000000e-01 1.0000000e+00
3.0000000e-01 1.0000000e+00
3.0000000e-01 6.6768569e-01
3.0000000e-01 8.2811841e-01
3.0000000e-01 1.0000000e+00
3.0000000e-01 1.0000000e+00
3.0000000e-01 1.0000000e+00
3.0000000e-01 8.4139612e-01
3.0000000e-01 8.3057052e-01
3.0000000e-01 7.2545170e-01
3.0000000e-01 2.7916393e-01
3.0000000e-01 4.0577819e-01
3.0000000e-01 1.0000000e+00
3.0000000e-01 1.0000000e+00
3.0000000e-01 1.0000000e+00
3.0000000e-01 7.3656364e-01
3.0000000e-01 5.1125834e-01
3.0000000e-01 4.4053998e-01
3.0000000e-01 5.0672853e-02
3.0000000e-01 1.0635932e-01
3.0000000e-01 1.0000000e+00
3.0000000e-01 1.0000000e+00
3.0000000e-01 1.0000000e+00
3.0000000e-01 2.8109891e-01
3.0000000e-01 2.2266695e-01
3.0000000e-01 1.7877429e-01
3.0000000e-01 2.9096647e-03
3.0000000e-01 5.8397276e-03
3.0000000e-01 1.0000000e+00
3.0000000e-01 1.0000000e+00
3.0000000e-01 1.0000000e+00
3.0000000e-01 2.0044548e-01
3.0000000e-01 2.1075519e-01
3.0000000e-01 2.4076654e-01
3.0000000e-01 2.8013005e-03
3.0000000e-01 3.0549423e-03
3.0000000e-01 7.1330593e-01
3.0000000e-01 9.7208786e-01
3.0000000e-01 1.0000000e+00
3.0000000e-01 1.9840061e-01
3.0000000e-01 9.1400688e-02
3.0000000e-01 4.2871544e-02
3.0000000e-01 4.4041749e-05
3.0000000e-01 3.4699285e-04
3.0000000e-01 3.8240924e-01
3.0000000e-01 4.7196031e-01
3.0000000e-01 5.4184257e-01
3.0000000e-01 2.0741471e-02
3.0000000e-01 1.1565380e-02
3.0000000e-01 5.5604674e-03
3.0000000e-01 3.3171938e-08
3.0000000e-01 3.7919991e-07
3.0000000e-01 2.1606834e-01
3.0000000e-01 1.1700807e-03
3.0000000e-01 1.3683940e-09
3.0000000e-01 1.0000000e-09
3.0000000e-01 7.0017380e-05
3.0000000e-01 2.2168732e-02
3.0000000e-01 2.3195514e-04
3.0000000e-01 3.0358998e-08
3.0000000e-01 1.0000000e-09
3.0000000e-01 1.0000000e-09
3.0000000e-01 2.4803600e-08
3.0000000e-01 1.0000000e-09
3.0000000e-01 1.0000000e-09
3.0000000e-01 1.0000000e-09
3.0000000e-01 1.0000000e-09
3.0000000e-01 1.0000000e-09
3.0000000e-01 4.1526794e-01
3.0000000e-01 1.0000000e+00
3.0000000e-01 1.0000000e+00
3.0000000e-01 1.0000000e+00
3.0000000e-01 6.6645647e-01
3.0000000e-01 1.2555316e-01
3.0000000e-01 1.7327867e-02
3.0000000e-01 2.1852335e-01
3.0000000e-01 1.0000000e-09
3.0000000e-01 4.9790537e-07
3.0000000e-01 1.2295576e-02
3.0000000e-01 3.1202188e-06
3.0000000e-01 9.1937270e-09
3.0000000e-01 1.0000000e-09
3.0000000e-01 1.0000000e-09
3.0000000e-01 1.0000000e-09
3.0000000e-01 1.0000000e-09
3.0000000e-01 1.0000000e-09
3.0000000e-01 1.0000000e-09
3.0000000e-01 1.0000000e-09
3.0000000e-01 1.0000000e-09
3.0000000e-01 1.0000000e-09
3.0000000e-01 1.0000000e-09
3.0000000e-01 1.0000000e-09
3.0000000e-01 1.0000000e-09
3.0000000e-01 1.0000000e-09
3.0000000e-01 1.0000000e-09
3.0000000e-01 1.0000000e-09
3.0000000e-01 1.0000000e-09
3.0000000e-01 1.0000000e-09
3.0000000e-01 1.0000000e-09
3.0000000e-01 1.0000000e-09
3.0000000e-01 1.0000000e-09
3.0000000e-01 1.0000000e-09
3.0000000e-01 1.0000000e-09
3.0000000e-01 1.0000000e-09
3.0000000e-01 1.0000000e-09
3.0000000e-01 1.0000000e-09
3.0000000e-01 1.0000000e-09
3.0000000e-01 1.0000000e-09
3.0000000e-01 1.0000000e-09
3.0000000e-01 4.8588260e-04
3.0000000e-01 3.3781689e-02
3.0000000e-01 6.9446224e-01
3.0000000e-01 1.8346381e-01
3.0000000e-01 1.9397509e-03
3.0000000e-01 6.1198655e-07
3.0000000e-01 1.0000000e-09
3.0000000e-01 2.7459752e-05
3.0000000e-01 1.0000000e-09
3.0000000e-01 1.5213738e-07
3.0000000e-01 3.9522656e-03
3.0000000e-01 2.2740695e-05
3.0000000e-01 1.0000000e-09
3.0000000e-01 1.0000000e-09
3.0000000e-01 1.0000000e-09
3.0000000e-01 1.0000000e-09
3.0000000e-01 1.0000000e-09
3.0000000e-01 1.0000000e-09
3.0000000e-01 1.0000000e-09
3.0000000e-01 1.0000000e-09
3.0000000e-01 1.0000000e-09
3.0000000e-01 1.0000000e-09
3.0000000e-01 1.0000000e-09
3.0000000e-01 1.0000000e-09
3.0000000e-01 1.0000000e-09
3.0000000e-01 1.0000000e-09
3.0000000e-01 1.5634255e-08
3.0000000e-01 2.1538938e-06
3.0000000e-01 1.0000000e-09
3.0000000e-01 1.0000000e-09
3.0000000e-01 1.0000000e-09
3.0000000e-01 1.0000000e-09
3.0000000e-01 1.0000000e-09
3.0000000e-01 1.0000000e-09
3.0000000e-01 1.0000000e-09
3.0000000e-01 1.0000000e-09
3.0000000e-01 1.0000000e-09
3.0000000e-01 1.0000000e-09
3.0000000e-01 1.0000000e-09
3.0000000e-01 1.0000000e-09
3.0000000e-01 1.0000000e+00
3.0000000e-01 1.0000000e+00
3.0000000e-01 1.0000000e+00
3.0000000e-01 1.0000000e+00
3.0000000e-01 1.0000000e+00
3.0000000e-01 1.0000000e+00
3.0000000e-01 1.0000000e+00
3.0000000e-01 1.0000000e+00
3.0000000e-01 1.0000000e+00
3.0000000e-01 1.0000000e+00
3.0000000e-01 1.0000000e+00
3.0000000e-01 1.0000000e+00
3.0000000e-01 1.0000000e+00
3.0000000e-01 1.0000000e+00
3.0000000e-01 1.0000000e+00
3.0000000e-01 1.0000000e+00
3.0000000e-01 1.0000000e+00
3.0000000e-01 1.0000000e+00
3.0000000e-01 1.0000000e+00
3.0000000e-01 1.0000000e+00
3.0000000e-01 1.0000000e+00
3.0000000e-01 1.0000000e+00
3.0000000e-01 1.0000000e+00
3.0000000e-01 1.0000000e+00
3.0000000e-01 1.0000000e+00
3.0000000e-01 1.0000000e+00
3.0000000e-01 1.0000000e+00
3.0000000e-01 1.0000000e+00
3.0000000e-01 1.0000000e+00
3.0000000e-01 1.0000000e+00
3.0000000e-01 1.0000000e+00
3.0000000e-01 1.0000000e+00
3.0000000e-01 1.0000000e+00
3.0000000e-01 1.0000000e+00
3.0000000e-01 1.0000000e+00
3.0000000e-01 1.0000000e+00
3.0000000e-01 1.0000000e+00
3.0000000e-01 1.0000000e+00
3.0000000e-01 1.0000000e+00
3.0000000e-01 1.0000000e+00
3.0000000e-01 1.0000000e+00
3.0000000e-01 1.0000000e+00
3.0000000e-01 1.0000000e+00
3.0000000e-01 1.0000000e+00
3.0000000e-01 1.0000000e+00
3.0000000e-01 1.0000000e+00
3.0000000e-01 1.0000000e+00
3.0000000e-01 1.0000000e+00
3.0000000e-01 6.7024752e-01
3.0000000e-01 1.0000000e+00
3.0000000e-01 1.0000000e+00
3.0000000e-01 1.0000000e+00
3.0000000e-01 1.0000000e+00
3.0000000e-01 1.0000000e+00
3.0000000e-01 1.0000000e+00
3.0000000e-01 1.0000000e+00
3.0000000e-01 2.3131460e-04
3.0000000e-01 1.6747536e-02
3.0000000e-01 2.5007526e-01
3.0000000e-01 1.0000000e+00
3.0000000e-01 3.4395099e-01
3.0000000e-01 1.6309679e-02
3.0000000e-01 7.9336657e-02
3.0000000e-01 1.0000000e+00
3.0000000e-01 1.0000000e-09
3.0000000e-01 1.0000000e-09
3.0000000e-01 1.0000000e-09
3.0000000e-01 1.0000000e-09
3.0000000e-01 1.0000000e-09
3.0000000e-01 1.0000000e-09
3.0000000e-01 1.0000000e-09
3.0000000e-01 1.0000000e-09
3.0000000e-01 1.0000000e-09
3.0000000e-01 1.0000000e-09
3.0000000e-01 1.0000000e-09
3.0000000e-01 1.0000000e-09
3.0000000e-01 1.0000000e-09
3.0000000e-01 1.0000000e-09
3.0000000e-01 1.0000000e-09
3.0000000e-01 1.0000000e-09
3.0000000e-01 1.0000000e-09
3.0000000e-01 1.0000000e-09
3.0000000e-01 1.0000000e-09
3.0000000e-01 1.0000000e-09
3.0000000e-01 1.0000000e-09
3.0000000e-01 1.0000000e-09
3.0000000e-01 1.0000000e-09
3.0000000e-01 1.0000000e-09
3.0000000e-01 1.0000000e-09
3.0000000e-01 1.0000000e-09
3.0000000e-01 1.0000000e-09
3.0000000e-01 1.0000000e-09
3.0000000e-01 1.0000000e-09
3.0000000e-01 1.0000000e-09
3.0000000e-01 7.8657952e-04
3.0000000e-01 2.5835083e-06
3.0000000e-01 1.2395604e-09
3.0000000e-01 1.2222826e-06
3.0000000e-01 1.0677842e-02
3.0000000e-01 1.7352027e-01
3.0000000e-01 9.1528104e-01
3.0000000e-01 5.9377929e-02
3.0000000e-01 1.0000000e+00
3.0000000e-01 3.5356570e-01
3.0000000e-01 3.3853036e-02
3.0000000e-01 1.0000000e+00
3.0000000e-01 1.0000000e+00
3.0000000e-01 1.0000000e+00
3.0000000e-01 1.0000000e+00
3.0000000e-01 1.0000000e+00
3.0000000e-01 1.0000000e+00
3.0000000e-01 1.0000000e+00
3.0000000e-01 1.0000000e+00
3.0000000e-01 1.0000000e+00
3.0000000e-01 1.0000000e+00
3.0000000e-01 1.0000000e+00
3.0000000e-01 1.0000000e+00
3.0000000e-01 1.0000000e+00
3.0000000e-01 1.0000000e+00
3.0000000e-01 1.0000000e+00
3.0000000e-01 1.0000000e+00
3.0000000e-01 1.0000000e+00
3.0000000e-01 1.0000000e+00
3.0000000e-01 1.0000000e+00
3.0000000e-01 1.0000000e+00
3.0000000e-01 1.0000000e+00
3.0000000e-01 2.7104580e-02
3.0000000e-01 9.8955502e-01
3.0000000e-01 1.0000000e+00
3.0000000e-01 1.0000000e+00
3.0000000e-01 1.0000000e+00
3.0000000e-01 2.8428441e-01
3.0000000e-01 7.6250525e-01
3.0000000e-01 1.0000000e+00
3.0000000e-01 1.0000000e-09
3.0000000e-01 1.0000000e-09
3.0000000e-01 5.3545309e-05
3.0000000e-01 3.4301441e-03
3.0000000e-01 4.4256307e-09
3.0000000e-01 1.0000000e-09
3.0000000e-01 1.0000000e-09
3.0000000e-01 2.9621319e-08
3.0000000e-01 1.0000000e-09
3.0000000e-01 1.0000000e-09
3.0000000e-01 1.0000000e-09
3.0000000e-01 1.0000000e-09
3.0000000e-01 1.0000000e-09
3.0000000e-01 1.0000000e-09
3.0000000e-01 1.0000000e-09
3.0000000e-01 1.0000000e-09
3.0000000e-01 1.0000000e-09
3.0000000e-01 1.0000000e-09
3.0000000e-01 1.0000000e-09
3.0000000e-01 1.0000000e-09
3.0000000e-01 1.0000000e-09
3.0000000e-01 1.0000000e-09
3.0000000e-01 1.0000000e-09
3.0000000e-01 1.0000000e-09
3.0000000e-01 1.0000000e-09
3.0000000e-01 1.0000000e-09
3.0000000e-01 1.0000000e-09
3.0000000e-01 1.0000000e-09
3.0000000e-01 1.0000000e-09
3.0000000e-01 1.0000000e-09
3.0000000e-01 1.0000000e-09
3.0000000e-01 1.0000000e-09
3.0000000e-01 1.0000000e-09
3.0000000e-01 1.0000000e-09
3.0000000e-01 1.0000000e-09
3.0000000e-01 1.0000000e-09
3.0000000e-01 1.0000000e-09
3.0000000e-01 1.0000000e-09
3.0000000e-01 1.0000000e-09
3.0000000e-01 1.0000000e-09
3.0000000e-01 1.0000000e-09
3.0000000e-01 1.0000000e-09
3.0000000e-01 1.0000000e-09
3.0000000e-01 1.0000000e-09
3.0000000e-01 1.0000000e-09
3.0000000e-01 1.0000000e-09
3.0000000e-01 1.0000000e-09
3.0000000e-01 1.0000000e-09
3.0000000e-01 4.9963518e-07
3.0000000e-01 1.0000000e-09
3.0000000e-01 1.0000000e-09
3.0000000e-01 1.0000000e-09
3.0000000e-01 5.1705070e-08
3.0000000e-01 3.4266171e-03
3.0000000e-01 1.7520697e-02
3.0000000e-01 2.5336983e-07
3.0000000e-01 1.0000000e+00
3.0000000e-01 1.0901727e-01
3.0000000e-01 1.9504939e-03
3.0000000e-01 1.2841946e-01
3.0000000e-01 1.0000000e+00
3.0000000e-01 1.0000000e+00
3.0000000e-01 1.0000000e+00
3.0000000e-01 1.0000000e+00
3.0000000e-01 1.0000000e+00
3.0000000e-01 1.0000000e+00
3.0000000e-01 1.0000000e+00
3.0000000e-01 1.0000000e+00
3.0000000e-01 1.0000000e+00
3.0000000e-01 1.0000000e+00
3.0000000e-01 1.0000000e+00
3.0000000e-01 1.0000000e+00
3.0000000e-01 1.0000000e+00
3.0000000e-01 1.0000000e+00
3.0000000e-01 1.0000000e+00
3.0000000e-01 1.0000000e+00
3.0000000e-01 1.0000000e+00
3.0000000e-01 1.0000000e+00
3.0000000e-01 1.0000000e+00
3.0000000e-01 1.0000000e+00
3.0000000e-01 1.0000000e+00
3.0000000e-01 1.0000000e+00
3.0000000e-01 1.0000000e+00
3.0000000e-01 1.0000000e+00
3.0000000e-01 1.0000000e+00
3.0000000e-01 1.0000000e+00
3.0000000e-01 1.0000000e+00
3.0000000e-01 1.0000000e+00
3.0000000e-01 6.4681618e-01
3.0000000e-01 1.0000000e+00
3.0000000e-01 1.0000000e+00
3.0000000e-01 1.0000000e+00
3.0000000e-01 1.0000000e+00
3.0000000e-01 1.0000000e+00
3.0000000e-01 1.0000000e+00
3.0000000e-01 1.0000000e+00
3.0000000e-01 2.3645600e-08
3.0000000e-01 6.5120917e-04
3.0000000e-01 7.3300028e-02
3.0000000e-01 4.4518637e-01
3.0000000e-01 1.4053831e-02
3.0000000e-01 1.9910917e-05
3.0000000e-01 2.7391736e-04
3.0000000e-01 2.1563771e-01
3.0000000e-01 1.0000000e-09
3.0000000e-01 1.0000000e-09
3.0000000e-01 1.0000000e-09
3.0000000e-01 1.0000000e-09
3.0000000e-01 1.0000000e-09
3.0000000e-01 1.0000000e-09
3.0000000e-01 1.0000000e-09
3.0000000e-01 1.0000000e-09
3.0000000e-01 1.0000000e-09
3.0000000e-01 1.5733732e-03
3.0000000e-01 9.5615118e-04
3.0000000e-01 1.0000000e-09
3.0000000e-01 1.4743079e-04
3.0000000e-01 1.0000000e-09
3.0000000e-01 1.0000000e-09
3.0000000e-01 1.0000000e-09
3.0000000e-01 1.0000000e-09
3.0000000e-01 1.0000000e-09
3.0000000e-01 1.0000000e-09
3.0000000e-01 1.0000000e-09
3.0000000e-01 1.0000000e-09
3.0000000e-01 1.0000000e-09
3.0000000e-01 1.0000000e-09
3.0000000e-01 1.0000000e-09
3.0000000e-01 1.0000000e-09
3.0000000e-01 1.0000000e-09
3.0000000e-01 1.0000000e-09
3.0000000e-01 1.0000000e-09
3.0000000e-01 1.0000000e-09
3.0000000e-01 1.0000000e-09
3.0000000e-01 1.0000000e-09
3.0000000e-01 1.0000000e-09
3.0000000e-01 1.0000000e-09
3.0000000e-01 1.0000000e-09
3.0000000e-01 1.0000000e-09
3.0000000e-01 1.0000000e-09
3.0000000e-01 1.0000000e-09
3.0000000e-01 1.0000000e-09
3.0000000e-01 1.0000000e-09
3.0000000e-01 1.0000000e-09
3.0000000e-01 1.0000000e-09
3.0000000e-01 1.0000000e-09
3.0000000e-01 1.0000000e-09
3.0000000e-01 1.0000000e-09
3.0000000e-01 1.0000000e-09
3.0000000e-01 1.0000000e-09
3.0000000e-01 1.0000000e-09
3.0000000e-01 1.0000000e-09
3.0000000e-01 1.0000000e-09
3.0000000e-01 1.0000000e-09
3.0000000e-01 1.0000000e-09
3.0000000e-01 1.0000000e-09
3.0000000e-01 1.0000000e-09
3.0000000e-01 1.0000000e-09
3.0000000e-01 1.0000000e-09
3.0000000e-01 1.0000000e-09
3.0000000e-01 1.0000000e-09
3.0000000e-01 1.0000000e-09
3.0000000e-01 1.0000000e-09
3.0000000e-01 1.0000000e-09
3.0000000e-01 1.0000000e-09
3.0000000e-01 1.0000000e-09
3.0000000e-01 1.0000000e-09
3.0000000e-01 1.0000000e-09
3.0000000e-01 1.0000000e-09
3.0000000e-01 1.0000000e-09
3.0000000e-01 1.0000000e-09
3.0000000e-01 1.0000000e-09
3.0000000e-01 1.0000000e-09
3.0000000e-01 1.0000000e-09
3.0000000e-01 1.0000000e-09
3.0000000e-01 1.0000000e-09
3.0000000e-01 1.0000000e-09
3.0000000e-01 1.0000000e-09
3.0000000e-01 1.0000000e-09
3.0000000e-01 1.0000000e-09
3.0000000e-01 1.0000000e-09
3.0000000e-01 1.0000000e-09
3.0000000e-01 1.0000000e-09
3.0000000e-01 1.0000000e-09
3.0000000e-01 1.0000000e-09
3.0000000e-01 1.0000000e-09
3.0000000e-01 1.0000000e-09
3.0000000e-01 1.0000000e-09
3.0000000e-01 1.0000000e-09
3.0000000e-01 1.0000000e-09
3.0000000e-01 1.0000000e-09
3.0000000e-01 1.0000000e-09
3.0000000e-01 1.0000000e-09
3.0000000e-01 1.0000000e-09
3.0000000e-01 1.0000000e-09
3.0000000e-01 1.0000000e-09
3.0000000e-01 1.0000000e-09
3.0000000e-01 1.0000000e-09
3.0000000e-01 1.0000000e-09
3.0000000e-01 1.0000000e-09
3.0000000e-01 1.0000000e-09
3.0000000e-01 1.0000000e-09
3.0000000e-01 1.0000000e-09
3.0000000e-01 1.0000000e-09
3.0000000e-01 1.0000000e-09
3.0000000e-01 1.0000000e-09
3.0000000e-01 1.0000000e-09
3.0000000e-01 1.0000000e-09
3.0000000e-01 1.0000000e-09
3.0000000e-01 1.0000000e-09
3.0000000e-01 1.0000000e-09
3.0000000e-01 1.0000000e-09
3.0000000e-01 1.0000000e-09
3.0000000e-01 1.0000000e-09
3.0000000e-01 1.0000000e-09
3.0000000e-01 1.0000000e-09
3.0000000e-01 1.0000000e-09
3.0000000e-01 1.0000000e-09
3.0000000e-01 1.0000000e-09
3.0000000e-01 1.0000000e-09
3.0000000e-01 1.0000000e-09
3.0000000e-01 1.0000000e-09
3.0000000e-01 1.0000000e-09
3.0000000e-01 1.0000000e-09
3.0000000e-01 1.0000000e-09
3.0000000e-01 1.0000000e-09
3.0000000e-01 1.0000000e-09
3.0000000e-01 1.0000000e-09
3.0000000e-01 1.0000000e-09
3.0000000e-01 1.0000000e-09
3.0000000e-01 1.0000000e-09
3.0000000e-01 1.0000000e-09
3.0000000e-01 1.0000000e-09
3.0000000e-01 1.0000000e-09
3.0000000e-01 1.0000000e-09
3.0000000e-01 1.0000000e-09
3.0000000e-01 1.0000000e-09
3.0000000e-01 1.0000000e-09
3.0000000e-01 1.0000000e-09
3.0000000e-01 1.0000000e-09
3.0000000e-01 1.0000000e-09
3.0000000e-01 1.0000000e-09
3.0000000e-01 1.0000000e-09
3.0000000e-01 1.0000000e-09
3.0000000e-01 1.0000000e-09
3.0000000e-01 1.0000000e-09
3.0000000e-01 1.0000000e-09
3.0000000e-01 1.0000000e-09
3.0000000e-01 1.0000000e-09
3.0000000e-01 1.0000000e-09
3.0000000e-01 1.0000000e-09
3.0000000e-01 1.0000000e-09
3.0000000e-01 1.0000000e-09
3.0000000e-01 1.0000000e-09
3.0000000e-01 1.0000000e-09
3.0000000e-01 1.0000000e-09
3.0000000e-01 1.0000000e-09
3.0000000e-01 1.0000000e-09
3.0000000e-01 1.0000000e-09
3.0000000e-01 1.0000000e-09
3.0000000e-01 1.0000000e-09
3.0000000e-01 1.0000000e-09
3.0000000e-01 1.0000000e-09
3.0000000e-01 1.0000000e-09
3.0000000e-01 1.0000000e-09
3.0000000e-01 1.0000000e-09
3.0000000e-01 1.0000000e-09
3.0000000e-01 1.0000000e-09
3.0000000e-01 1.0000000e-09
3.0000000e-01 1.0000000e-09
3.0000000e-01 1.0000000e-09
3.0000000e-01 1.0000000e-09
3.0000000e-01 1.0000000e-09
3.0000000e-01 1.0000000e-09
3.0000000e-01 1.0000000e-09
3.0000000e-01 1.0000000e-09
3.0000000e-01 1.0000000e-09
3.0000000e-01 1.0000000e-09
3.0000000e-01 1.0000000e-09
3.0000000e-01 1.0000000e-09
3.0000000e-01 1.0000000e-09
3.0000000e-01 1.0000000e-09
3.0000000e-01 1.0000000e-09
3.0000000e-01 1.0000000e-09
3.0000000e-01 1.0000000e-09
3.0000000e-01 1.0000000e-09
3.0000000e-01 1.0000000e-09
3.0000000e-01 1.0000000e-09
3.0000000e-01 1.0000000e-09
3.0000000e-01 1.0000000e-09
3.0000000e-01 1.0000000e-09
3.0000000e-01 1.0000000e-09
3.0000000e-01 1.0000000e-09
3.0000000e-01 1.0000000e-09
3.0000000e-01 1.0000000e-09
3.0000000e-01 1.0000000e-09
3.0000000e-01 1.0000000e-09
3.0000000e-01 1.0000000e-09
3.0000000e-01 1.0000000e-09
3.0000000e-01 1.0000000e-09
3.0000000e-01 1.0000000e-09
3.0000000e-01 1.0000000e-09
3.0000000e-01 1.0000000e-09
3.0000000e-01 1.0000000e-09
3.0000000e-01 1.0000000e-09
3.0000000e-01 1.0000000e-09
3.0000000e-01 1.0000000e-09
3.0000000e-01 1.0000000e-09
3.0000000e-01 1.0000000e-09
3.0000000e-01 1.0000000e-09
3.0000000e-01 1.0000000e-09
3.0000000e-01 1.0000000e-09
3.0000000e-01 1.0000000e-09
3.0000000e-01 1.0000000e-09
3.0000000e-01 1.0000000e-09
3.0000000e-01 1.0000000e-09
3.0000000e-01 1.0000000e-09
3.0000000e-01 1.0000000e-09
3.0000000e-01 1.0000000e-09
3.0000000e-01 1.0000000e-09
3.0000000e-01 1.0000000e-09
3.0000000e-01 1.0000000e-09
3.0000000e-01 1.0000000e-09
3.0000000e-01 1.0000000e-09
3.0000000e-01 1.0000000e-09
3.0000000e-01 1.0000000e-09
3.0000000e-01 1.0000000e-09
3.0000000e-01 1.0000000e-09
3.0000000e-01 1.0000000e-09
3.0000000e-01 1.0000000e-09
3.0000000e-01 1.0000000e-09
3.0000000e-01 1.0000000e-09
3.0000000e-01 1.0000000e-09
3.0000000e-01 1.0000000e-09
3.0000000e-01 1.0000000e-09
3.0000000e-01 1.0000000e-09
3.0000000e-01 1.0000000e-09
3.0000000e-01 1.0000000e-09
3.0000000e-01 1.0000000e-09
3.0000000e-01 1.0000000e-09
3.0000000e-01 1.0000000e-09
3.0000000e-01 1.0000000e-09
3.0000000e-01 1.0000000e-09
3.0000000e-01 1.0000000e-09
3.0000000e-01 1.0000000e-09
3.0000000e-01 1.0000000e-09
3.0000000e-01 1.0000000e-09
3.0000000e-01 1.0000000e-09
3.0000000e-01 1.0000000e-09
3.0000000e-01 1.0000000e-09
3.0000000e-01 1.0000000e-09
3.0000000e-01 1.0000000e-09
3.0000000e-01 1.0000000e-09
3.0000000e-01 1.0000000e-09
3.0000000e-01 1.0000000e-09
3.0000000e-01 1.0000000e-09
3.0000000e-01 1.0000000e-09
3.0000000e-01 1.0000000e-09
3.0000000e-01 1.0000000e-09
3.0000000e-01 1.0000000e-09
3.0000000e-01 1.0000000e-09
3.0000000e-01 1.0000000e-09
3.0000000e-01 1.0000000e-09
3.0000000e-01 1.0000000e-09
3.0000000e-01 1.0000000e-09
3.0000000e-01 1.0000000e-09
3.0000000e-01 1.0000000e-09
3.0000000e-01 1.0000000e-09
3.0000000e-01 1.0000000e-09
3.0000000e-01 1.0000000e-09
3.0000000e-01 1.0000000e-09
3.0000000e-01 1.0000000e-09
3.0000000e-01 1.0000000e-09
3.0000000e-01 1.0000000e-09
3.0000000e-01 1.0000000e-09
3.0000000e-01 1.0000000e-09
3.0000000e-01 1.0000000e-09
3.0000000e-01 1.0000000e-09
3.0000000e-01 1.0000000e-09
3.0000000e-01 1.0000000e-09
3.0000000e-01 1.0000000e-09
3.0000000e-01 1.0000000e-09
3.0000000e-01 1.0000000e-09
3.0000000e-01 1.0000000e-09
3.0000000e-01 1.0000000e-09
3.0000000e-01 1.0000000e-09
3.0000000e-01 1.0000000e-09
3.0000000e-01 1.0000000e-09
3.0000000e-01 1.0000000e-09
3.0000000e-01 1.0000000e-09
3.0000000e-01 1.0000000e-09
3.0000000e-01 1.0000000e-09
3.0000000e-01 1.0000000e-09
3.0000000e-01 1.0000000e-09
3.0000000e-01 1.0000000e-09
3.0000000e-01 1.0000000e-09
3.0000000e-01 1.0000000e-09
3.0000000e-01 1.0000000e-09
3.0000000e-01 1.0000000e-09
3.0000000e-01 1.0000000e-09
3.0000000e-01 1.0000000e-09
3.0000000e-01 1.0000000e-09
3.0000000e-01 1.0000000e-09
3.0000000e-01 1.0000000e-09
3.0000000e-01 1.0000000e-09
3.0000000e-01 1.0000000e-09
3.0000000e-01 1.0000000e-09
3.0000000e-01 1.0000000e-09
3.0000000e-01 1.0000000e-09
3.0000000e-01 1.0000000e-09
3.0000000e-01 1.0000000e-09
3.0000000e-01 1.0000000e-09
3.0000000e-01 1.0000000e-09
3.0000000e-01 1.0000000e-09
3.0000000e-01 1.0000000e-09
3.0000000e-01 1.0000000e-09
3.0000000e-01 1.0000000e-09
3.0000000e-01 1.0000000e-09
3.0000000e-01 1.0000000e-09
3.0000000e-01 1.0000000e-09
3.0000000e-01 1.0000000e-09
3.0000000e-01 1.0000000e-09
3.0000000e-01 1.0000000e-09
3.0000000e-01 1.0000000e-09
3.0000000e-01 1.0000000e-09
3.0000000e-01 1.0000000e-09
3.0000000e-01 1.0000000e-09
3.0000000e-01 1.0000000e-09
3.0000000e-01 1.0000000e-09
3.0000000e-01 1.0000000e-09
3.0000000e-01 1.0000000e-09
3.0000000e-01 1.0000000e-09
3.0000000e-01 1.0000000e-09
3.0000000e-01 1.0000000e-09
3.0000000e-01 1.0000000e-09
3.0000000e-01 1.0000000e-09
3.0000000e-01 1.0000000e-09
3.0000000e-01 1.0000000e-09
3.0000000e-01 1.0000000e-09
3.0000000e-01 1.0000000e-09
3.0000000e-01 1.0000000e-09
3.0000000e-01 1.0000000e-09
3.0000000e-01 1.0000000e-09
3.0000000e-01 1.0000000e-09
3.0000000e-01 1.0000000e-09
3.0000000e-01 1.0000000e-09
3.0000000e-01 1.0000000e-09
3.0000000e-01 1.0000000e-09
3.0000000e-01 1.0000000e-09
3.0000000e-01 1.0000000e-09
3.0000000e-01 1.0000000e-09
3.0000000e-01 1.0000000e-09
3.0000000e-01 1.0000000e-09
3.0000000e-01 1.0000000e-09
3.0000000e-01 1.0000000e-09
3.0000000e-01 1.0000000e-09
3.0000000e-01 1.0000000e-09
3.0000000e-01 1.0000000e-09
3.0000000e-01 1.0000000e-09
3.0000000e-01 1.0000000e-09
3.0000000e-01 1.0000000e-09
3.0000000e-01 1.0000000e-09
3.0000000e-01 1.0000000e-09
3.0000000e-01 1.0000000e-09
3.0000000e-01 1.0000000e-09
3.0000000e-01 1.0000000e-09
3.0000000e-01 1.0000000e-09
3.0000000e-01 1.0000000e-09
3.0000000e-01 1.0000000e-09
3.0000000e-01 1.0000000e-09
3.0000000e-01 1.0000000e-09
3.0000000e-01 1.0000000e-09
3.0000000e-01 1.0000000e-09
3.0000000e-01 1.0000000e-09
3.0000000e-01 1.0000000e-09
3.0000000e-01 1.0000000e-09
3.0000000e-01 1.0000000e-09
3.0000000e-01 1.0000000e-09
3.0000000e-01 1.0000000e-09
3.0000000e-01 1.0000000e-09
3.0000000e-01 1.0000000e-09
3.0000000e-01 1.0000000e-09
3.0000000e-01 1.0000000e-09
3.0000000e-01 1.0000000e-09
3.0000000e-01 1.0000000e-09
3.0000000e-01 1.0000000e-09
3.0000000e-01 1.0000000e-09
3.0000000e-01 1.0000000e-09
3.0000000e-01 1.0000000e-09
3.0000000e-01 1.0000000e-09
3.0000000e-01 1.0000000e-09
3.0000000e-01 1.0000000e-09
3.0000000e-01 1.0000000e-09
3.0000000e-01 1.0000000e-09
3.0000000e-01 1.0000000e-09
3.0000000e-01 1.0000000e-09
3.0000000e-01 1.0000000e-09
3.0000000e-01 1.0000000e-09
3.0000000e-01 1.0000000e-09
3.0000000e-01 1.0000000e-09
3.0000000e-01 1.0000000e-09
3.0000000e-01 1.0000000e-09
3.0000000e-01 1.0000000e-09
3.0000000e-01 1.0000000e-09
3.0000000e-01 1.0000000e-09
3.0000000e-01 1.0000000e-09
3.0000000e-01 1.0000000e-09
3.0000000e-01 1.0000000e-09
3.0000000e-01 1.0000000e-09
3.0000000e-01 1.0000000e-09
3.0000000e-01 1.0000000e-09
3.0000000e-01 1.0000000e-09
3.0000000e-01 1.0000000e-09
3.0000000e-01 1.0000000e-09
3.0000000e-01 1.0000000e-09
3.0000000e-01 1.0000000e-09
3.0000000e-01 1.0000000e-09
3.0000000e-01 1.0000000e-09
3.0000000e-01 1.0000000e-09
3.0000000e-01 1.0000000e-09
3.0000000e-01 1.0000000e-09
3.0000000e-01 1.0000000e-09
3.0000000e-01 1.0000000e-09
3.0000000e-01 1.0000000e-09
3.0000000e-01 1.0000000e-09
3.0000000e-01 1.0000000e-09
3.0000000e-01 1.0000000e-09
3.0000000e-01 1.0000000e-09
3.0000000e-01 1.0000000e-09
3.0000000e-01 1.0000000e-09
3.0000000e-01 1.0000000e-09
3.0000000e-01 1.0000000e-09
3.0000000e-01 1.0000000e-09
3.0000000e-01 1.0000000e-09
3.0000000e-01 1.0000000e-09
3.0000000e-01 1.0000000e-09
3.0000000e-01 1.0000000e-09
3.0000000e-01 1.0000000e-09
3.0000000e-01 1.0000000e-09
3.0000000e-01 1.0000000e-09
3.0000000e-01 1.0000000e-09
3.0000000e-01 1.0000000e-09
3.0000000e-01 1.0000000e-09
3.0000000e-01 1.0000000e-09
3.0000000e-01 1.0000000e-09
3.0000000e-01 1.0000000e-09
3.0000000e-01 1.0000000e-09
3.0000000e-01 1.0000000e-09
3.0000000e-01 1.0000000e-09
3.0000000e-01 1.0000000e-09
3.0000000e-01 1.0000000e-09
3.0000000e-01 1.0000000e-09
3.0000000e-01 1.0000000e-09
3.0000000e-01 1.0000000e-09
3.0000000e-01 1.0000000e-09
3.0000000e-01 1.0000000e-09
3.0000000e-01 1.0000000e-09
3.0000000e-01 1.0000000e-09
3.0000000e-01 1.0000000e-09
3.0000000e-01 1.0000000e-09
3.0000000e-01 1.0000000e-09
3.0000000e-01 1.0000000e-09
3.0000000e-01 1.0000000e-09
3.0000000e-01 1.0000000e-09
3.0000000e-01 1.0000000e-09
3.0000000e-01 1.0000000e-09
3.0000000e-01 1.0000000e-09
3.0000000e-01 1.0000000e-09
3.0000000e-01 1.0000000e-09
3.0000000e-01 1.0000000e-09
3.0000000e-01 1.0000000e-09
3.0000000e-01 1.0000000e-09
3.0000000e-01 1.0000000e-09
3.0000000e-01 1.0000000e-09
3.0000000e-01 1.0000000e-09
3.0000000e-01 1.0000000e-09
3.0000000e-01 1.0000000e-09
3.0000000e-01 1.0000000e-09
3.0000000e-01 1.0000000e-09
3.0000000e-01 1.0000000e-09
3.0000000e-01 1.0000000e-09
3.0000000e-01 1.0000000e-09
3.0000000e-01 1.0000000e-09
3.0000000e-01 1.0000000e-09
3.0000000e-01 1.0000000e-09
3.0000000e-01 1.0000000e-09
3.0000000e-01 1.0000000e-09
3.0000000e-01 1.0000000e-09
3.0000000e-01 1.0000000e-09
3.0000000e-01 1.0000000e-09
3.0000000e-01 1.0000000e-09
3.0000000e-01 1.0000000e-09
3.0000000e-01 1.0000000e-09
3.0000000e-01 1.0000000e-09
3.0000000e-01 1.0000000e-09
3.0000000e-01 1.0000000e-09
3.0000000e-01 1.0000000e-09
3.0000000e-01 1.0000000e-09
3.0000000e-01 1.0000000e-09
3.0000000e-01 1.0000000e-09
3.0000000e-01 1.0000000e-09
3.0000000e-01 1.0000000e-09
3.0000000e-01 1.0000000e-09
3.0000000e-01 1.0000000e-09
3.0000000e-01 1.0000000e-09
3.0000000e-01 1.0000000e-09
3.0000000e-01 1.0000000e-09
3.0000000e-01 1.0000000e-09
3.0000000e-01 1.0000000e-09
3.0000000e-01 1.0000000e-09
3.0000000e-01 1.0000000e-09
3.0000000e-01 1.0000000e-09
3.0000000e-01 1.0000000e-09
3.0000000e-01 1.0000000e-09
3.0000000e-01 1.0000000e-09
3.0000000e-01 1.0000000e-09
3.0000000e-01 1.0000000e-09
3.0000000e-01 1.0000000e-09
3.0000000e-01 1.0000000e-09
3.0000000e-01 1.0000000e-09
3.0000000e-01 1.0000000e-09
3.0000000e-01 1.0000000e-09
3.0000000e-01 1.0000000e-09
3.0000000e-01 1.0000000e-09
3.0000000e-01 1.0000000e-09
3.0000000e-01 1.0000000e-09
3.0000000e-01 1.0000000e-09
3.0000000e-01 1.0000000e-09
3.0000000e-01 1.0000000e-09
3.0000000e-01 1.0000000e-09
3.0000000e-01 1.0000000e-09
3.0000000e-01 1.0000000e-09
3.0000000e-01 1.0000000e-09
3.0000000e-01 1.0000000e-09
3.0000000e-01 1.0000000e-09
3.0000000e-01 1.0000000e-09
3.0000000e-01 1.0000000e-09
3.0000000e-01 1.0000000e-09
3.0000000e-01 1.0000000e-09
3.0000000e-01 1.0000000e-09
3.0000000e-01 1.0000000e-09
3.0000000e-01 1.0000000e-09
3.0000000e-01 1.0000000e-09
3.0000000e-01 1.0000000e-09
3.0000000e-01 1.0000000e-09
3.0000000e-01 1.0000000e-09
3.0000000e-01 1.0000000e-09
3.0000000e-01 1.0000000e-09
3.0000000e-01 1.0000000e-09
3.0000000e-01 1.0000000e-09
3.0000000e-01 1.0000000e-09
3.0000000e-01 1.0000000e-09
3.0000000e-01 1.0000000e-09
3.0000000e-01 1.0000000e-09
3.0000000e-01 1.0000000e-09
3.0000000e-01 1.0000000e-09
3.0000000e-01 1.0000000e-09
3.0000000e-01 1.0000000e-09
3.0000000e-01 1.0000000e-09
3.0000000e-01 1.0000000e-09
