         1      3.4596448E+03
         2      1.3688814E+03
         3      3.1906515E+03
         4      3.0782503E+03
         5      2.6978332E+03
         6      2.4092127E+03
         7      2.1463357E+03
         8      2.1548089E+03
         9      2.1763270E+03
        10      2.1953974E+03
        11      2.3985818E+03
        12      2.6256476E+03
        13      2.7169195E+03
        14      2.7307486E+03
        15      2.6837176E+03
        16      2.5959218E+03
        17      9.0250717E+02
        18      7.4356655E+02
        19      6.6039695E+02
        20      6.4325040E+02
        21      6.4192627E+02
        22      6.7749613E+02
        23      7.0115119E+02
        24      9.8999497E+02
        25      9.9273305E+02
        26      8.2696823E+02
        27      7.1552775E+02
        28      4.5876303E+02
        29      2.6397584E+02
        30      8.2706761E+01
        31      1.4543894E+02
        32      2.8984832E+02
        33      4.1195744E+02
        34      5.0860827E+02
        35      5.8335750E+02
        36      6.4103685E+02
        37      6.8694652E+02
        38      7.2570855E+02
        39      1.8833596E+03
        40      1.4802131E+03
        41      1.2930367E+03
        42      1.1805326E+03
        43      1.0981539E+03
        44      1.0335341E+03
        45      9.7966326E+02
        46      3.1665639E+03
        47      2.9357285E+03
        48      3.0217933E+03
        49      2.7818233E+03
        50      2.2908527E+03
        51      2.1291918E+03
        52      2.0768796E+03
        53      2.0556244E+03
        54      2.2179816E+03
        55      2.5541498E+03
        56      2.7496236E+03
        57      2.8456259E+03
        58      2.8726904E+03
        59      2.8513454E+03
        60      2.7991211E+03
        61      3.0347173E+03
        62      2.7160430E+03
        63      2.6851308E+03
        64      2.3229453E+03
        65      2.1576891E+03
        66      1.9490596E+03
        67      1.8103695E+03
        68      1.7021542E+03
        69      1.6224623E+03
        70      5.9803466E+03
        71      6.4451063E+03
        72      6.7804700E+03
        73      6.9198392E+03
        74      6.8184500E+03
        75      6.4545925E+03
        76      5.8986297E+03
        77      5.2363521E+03
        78      4.5442891E+03
        79      3.9019241E+03
        80      3.3972769E+03
        81      3.1959327E+03
        82      3.3217707E+03
        83      3.7041229E+03
        84      4.2273900E+03
        85      4.1700395E+03
        86      3.8076707E+03
        87      3.2867185E+03
        88      3.0549675E+03
        89      2.8041452E+03
        90      2.4932170E+03
        91      2.1323768E+03
        92      1.8216601E+03
        93      1.5590238E+03
        94      1.3480347E+03
        95      1.1642889E+03
        96      9.8845321E+02
        97      8.2960875E+02
        98      6.3746139E+02
        99      4.5248705E+02
       100      2.9715199E+03
       101      3.5245028E+03
       102      4.0898296E+03
       103      4.2075645E+03
       104      4.4523653E+03
       105      4.5446571E+03
       106      4.5406269E+03
       107      4.6584751E+03
       108      4.6428767E+03
       109      4.4385688E+03
       110      4.2435738E+03
       111      3.8900272E+03
       112      3.4978614E+03
       113      3.1151387E+03
       114      2.9222186E+03
       115      1.5038239E+03
       116      4.1868554E+03
       117      2.0612450E+03
       118      2.4345369E+03
       119      2.3945917E+03
       120      2.1524122E+03
       121      4.6084768E+03
       122      5.3496782E+03
       123      3.4513136E+02
       124      4.5075451E+03
       125      4.4034328E+03
       126      4.3337345E+03
       127      3.7424902E+03
       128      2.4958257E+03
       129      1.7867599E+03
       130      2.5134433E+03
       131      3.2380784E+03
       132      4.0961974E+03
       133      5.6280373E+03
       134      4.8318867E+03
       135      2.3342925E+03
       136      1.1762934E+03
       137      4.8802480E+02
       138      9.2691317E+03
       139      1.5338333E+03
       140      4.6441928E+03
       141      5.1681927E+03
       142      1.5749309E+03
       143      2.8434003E+03
       144      2.8634632E+03
       145      3.2315406E+03
       146      5.4026955E+03
       147      9.3706309E+03
       148      9.8822010E+03
       149      4.6476280E+03
       150      4.8819067E+02
       151      8.3875535E+02
       152      1.0267022E+03
       153      1.6116241E+03
       154      2.7521998E+03
       155      3.0260740E+03
       156      2.2078989E+03
       157      7.2187337E+02
       158      4.3507148E+02
       159      4.2340358E+02
       160      1.3763926E+03
       161      2.3802898E+03
       162      7.2688845E+03
       163      2.0274947E+02
       164      5.9647618E+03
       165      4.6110875E+03
       166      3.0404531E+03
       167      1.9487615E+03
       168      8.2319413E+02
       169      3.2067502E+02
       170      2.6448060E+02
       171      3.3474161E+02
       172      4.0251014E+02
       173      4.6020936E+02
       174      5.1524556E+02
       175      5.6069693E+02
       176      6.0216917E+02
       177      6.3959035E+02
       178      6.7745403E+02
       179      7.1862620E+02
       180      7.6689653E+02
       181      8.2677336E+02
       182      9.2004042E+02
       183      1.1173057E+03
       184      2.0744257E+03
       185      8.3672755E+02
       186      9.7645799E+02
       187      1.5793587E+03
       188      1.1339842E+03
       189      8.4266708E+02
       190      1.8546035E+03
       191      3.6330967E+03
       192      2.7970236E+03
       193      8.5168695E+02
       194      9.2929161E+02
       195      6.1797606E+02
       196      1.0473456E+03
       197      1.7493044E+03
       198      3.7230825E+03
       199      3.0344807E+03
       200      2.9055831E+03
       201      3.3699868E+03
       202      3.4026527E+03
       203      2.7046591E+03
       204      3.1715471E+02
       205      3.6348332E+02
       206      2.9266616E+03
       207      2.9556075E+03
       208      3.3289630E+03
       209      3.1964631E+03
       210      3.4028813E+03
       211      3.3177717E+03
       212      2.1457361E+03
       213      3.2022796E+03
       214      2.8049465E+03
       215      3.0290523E+03
       216      3.0625287E+03
       217      2.8334367E+03
       218      1.2253781E+04
       219      3.6005274E+03
       220      2.8806201E+03
       221      2.7903258E+03
       222      2.7547104E+03
       223      3.5188468E+03
       224      3.3470021E+03
       225      3.3045827E+03
       226      3.1507154E+03
       227      2.9356511E+03
       228      2.8895463E+03
       229      2.9897512E+03
       230      3.1045728E+03
       231      2.9651896E+03
       232      2.9816850E+03
       233      3.2392496E+03
       234      3.1234972E+03
       235      3.1545754E+03
       236      2.9759718E+03
       237      2.9187943E+03
       238      4.4531999E+03
       239      3.1249986E+03
       240      3.0264992E+03
       241      2.9915727E+03
       242      6.9073399E+03
       243      9.9420299E+02
       244      3.2211033E+03
       245      3.2910274E+03
       246      3.2464262E+03
       247      5.3335863E+02
       248      3.6540978E+03
       249      3.8343921E+03
       250      2.9898567E+03
       251      3.1738452E+03
       252      3.0765650E+03
       253      2.5164649E+03
       254      3.1934206E+03
       255      3.4534059E+03
       256      3.0538089E+03
       257      3.1753832E+03
       258      8.8431002E+02
       259      3.0856896E+03
       260      4.1580291E+03
       261      6.6512706E+02
       262      3.1411474E+03
       263      3.4294714E+03
       264      3.1246136E+03
       265      3.0813469E+03
       266      3.4006614E+03
       267      6.1832246E+02
       268      4.6572596E+02
       269      7.3614685E+02
       270      3.0748112E+03
       271      3.1939010E+03
       272      7.8236483E+02
       273      3.0890543E+03
       274      3.4501245E+03
       275      3.8760504E+03
       276      3.5040634E+03
       277      1.2746642E+03
       278      4.6609405E+02
       279      2.5684462E+03
       280      8.8381143E+02
       281      1.3347369E+03
       282      3.2177560E+03
       283      3.1715210E+03
       284      3.6821109E+03
       285      3.4617229E+03
       286      7.0511821E+02
       287      3.5012900E+03
       288      7.8344050E+02
       289      3.2770908E+03
       290      3.7013112E+03
       291      3.5534345E+03
       292      3.1948750E+03
       293      4.4356502E+02
       294      3.1963439E+03
       295      8.7417332E+02
       296      3.2180435E+03
       297      3.6386671E+03
       298      3.6795675E+03
       299      3.3655403E+03
       300      3.5490012E+03
       301      3.8098396E+02
       302      4.2636678E+03
       303      3.8878268E+03
       304      3.8064262E+03
       305      3.3351506E+03
       306      3.3879667E+03
       307      3.5094304E+03
       308      8.5606512E+02
       309      3.4495043E+03
       310      4.8833265E+03
       311      6.9820878E+03
       312      4.3773356E+03
       313      4.8060072E+03
       314      5.4947724E+03
       315      3.1467803E+03
       316      3.5060772E+03
       317      3.3063917E+02
       318      3.1020707E+02
       319      3.1647879E+02
       320      3.2811373E+02
       321      3.8981005E+02
       322      1.5638946E+03
       323      2.5015694E+03
       324      3.1993941E+03
       325      3.4443575E+03
       326      4.1292371E+03
       327      4.2871108E+03
       328      4.3722366E+03
       329      4.8792076E+03
       330      4.0378399E+03
       331      4.5440477E+02
       332      1.2171429E+03
       333      7.7125815E+02
       334      5.8961960E+02
       335      1.4414051E+03
       336      2.1257930E+03
       337      3.2527419E+03
       338      3.8530702E+03
       339      7.8610051E+02
       340      6.2891600E+02
       341      7.1505920E+02
       342      9.8186822E+02
       343      2.4170917E+03
       344      3.2709820E+03
       345      2.3376501E+03
       346      2.6698334E+03
       347      3.0892198E+03
       348      3.8801775E+03
       349      3.1822391E+03
       350      3.0470389E+03
       351      3.3445616E+03
       352      3.0094064E+03
       353      3.2802437E+03
       354      4.2352393E+03
       355      3.9525466E+03
       356      3.7034296E+03
       357      3.3853983E+03
       358      3.3880853E+03
       359      3.2110504E+03
       360      2.3154349E+03
       361      3.2493228E+03
       362      3.1569705E+03
       363      3.4124729E+03
       364      3.3196061E+03
       365      3.3402074E+03
       366      3.1744799E+02
       367      3.6168189E+02
       368      2.3091798E+03
       369      2.6048471E+03
       370      3.4608006E+03
       371      3.7798110E+03
       372      3.1211763E+03
       373      2.7810227E+03
       374      3.1278309E+03
       375      3.5459225E+03
       376      3.0823157E+03
       377      2.9719243E+03
       378      3.6202447E+03
       379      3.5349462E+03
       380      4.5936670E+03
       381      4.1584851E+03
       382      4.2884577E+03
       383      4.0847910E+03
       384      2.6378062E+03
       385      3.4434920E+03
       386      4.2298154E+03
       387      3.6868358E+03
       388      3.5405119E+03
       389      4.1285619E+03
       390      3.3591077E+03
       391      2.8321712E+03
       392      3.5896385E+03
       393      3.7036605E+03
       394      3.2889643E+03
       395      8.6474891E+02
       396      4.0129149E+02
       397      3.7932477E+03
       398      3.2247479E+03
       399      4.5279175E+03
       400      3.3053616E+02
       401      3.0063770E+03
       402      3.0222829E+03
       403      3.2282905E+03
       404      5.9899487E+03
       405      2.5745114E+03
       406      1.2268520E+03
       407      3.2503392E+03
       408      4.3430819E+02
       409      3.6821391E+02
       410      9.0262569E+02
       411      1.3895830E+03
       412      1.7458666E+03
       413      7.4241696E+02
       414      4.7639676E+02
       415      2.2434981E+03
       416      5.1136344E+03
       417      4.1999003E+03
       418      6.3498810E+03
       419      3.1922528E+02
       420      3.4883205E+03
       421      2.7034090E+03
       422      2.6990155E+03
       423      2.9897193E+03
       424      3.9456124E+03
       425      3.8466100E+03
       426      2.6706679E+03
       427      1.9825346E+03
       428      1.9841509E+03
       429      3.7858908E+03
       430      5.7190123E+03
       431      4.5072020E+03
       432      2.1632972E+03
       433      4.2359267E+03
       434      1.9348930E+03
       435      1.5874880E+03
       436      1.7204056E+03
       437      3.5864413E+03
       438      5.3146990E+03
       439      2.8088929E+03
       440      1.1274089E+03
       441      1.4238137E+03
       442      1.9176791E+03
       443      3.0134290E+03
       444      4.4933322E+03
       445      4.9755419E+03
       446      3.5214392E+02
       447      5.2889126E+02
       448      3.1798425E+03
       449      3.1307524E+03
       450      8.3003604E+02
       451      9.2294317E+02
       452      6.2235693E+02
       453      3.3589700E+03
       454      8.9038877E+03
       455      2.3934501E+03
       456      2.9834319E+03
       457      5.3348691E+02
       458      2.8507856E+03
       459      6.0887701E+03
       460      3.7211899E+03
       461      2.2804983E+03
       462      3.0648308E+03
       463      4.9174651E+03
       464      3.0845421E+03
       465      3.2431344E+03
       466      5.7446127E+03
       467      8.4258894E+03
       468      6.8454054E+03
       469      3.8107800E+02
       470      3.4278079E+02
       471      1.0678321E+03
       472      1.9880008E+03
       473      3.0877057E+03
       474      1.6578189E+02
       475      9.4755837E+02
       476      2.6520174E+03
       477      6.9599126E+03
       478      1.6397198E+03
       479      7.1814496E+03
       480      4.2632904E+03
       481      4.2087056E+03
       482      3.3359487E+03
       483      2.6651950E+03
       484      2.3377112E+03
       485      4.4654140E+03
       486      7.6349062E+03
       487      6.4494893E+03
       488      5.5182478E+03
       489      8.3673861E+02
       490      3.2376071E+02
       491      3.5537352E+03
       492      7.0458098E+03
       493      3.7884627E+02
       494      4.3758972E+02
       495      5.0839291E+02
       496      1.1877060E+03
       497      1.5976743E+03
       498      2.3879519E+03
       499      4.5999289E+03
       500      6.8288103E+03
       501      5.1872893E+03
       502      6.3902628E+03
       503      3.9510707E+03
       504      1.8415391E+03
       505      1.4958252E+03
       506      7.7723179E+02
       507      2.5244827E+02
       508      1.2883755E+02
       509      9.0473246E+02
       510      3.6399955E+02
       511      3.9634450E+02
       512      2.1319724E+02
       513      2.9251213E+02
       514      4.2346246E+02
       515      4.5779544E+02
       516      4.8975625E+02
       517      5.2934879E+02
       518      5.6165073E+02
       519      5.8628870E+02
       520      5.8859850E+02
       521      5.9185722E+02
       522      6.4911417E+02
       523      7.1926426E+02
       524      1.4725184E+03
       525      1.9049066E+03
       526      2.4505038E+03
       527      4.0862806E+03
       528      4.6114809E+03
       529      8.3632555E+03
       530      2.5820875E+03
       531      1.4824553E+03
       532      7.1434972E+02
       533      2.7507913E+02
       534      3.4543755E+02
       535      3.9610816E+02
       536      4.3054161E+02
       537      4.6187478E+02
       538      5.0023921E+02
       539      5.4264020E+02
       540      5.8139001E+02
       541      6.1587698E+02
       542      6.6304625E+02
       543      7.0995881E+02
       544      7.6751016E+02
       545      8.4520245E+02
       546      9.6228062E+02
       547      1.1636642E+03
       548      2.7886733E+03
       549      2.0798781E+03
       550      2.6826133E+02
       551      1.8586944E+02
       552      7.9452889E+03
       553      4.2929805E+03
       554      3.4647493E+03
       555      2.1828316E+03
       556      3.1321860E+03
       557      8.6269749E+02
       558      9.3021108E+02
       559      1.5301354E+03
       560      4.2445156E+03
       561      4.0719823E+03
       562      5.1197690E+03
       563      2.6301305E+03
       564      3.1873079E+03
       565      3.3031565E+03
       566      3.1484848E+03
       567      4.0917308E+02
       568      5.3743640E+02
       569      2.9929052E+02
       570      2.3835766E+02
       571      3.9906726E+02
       572      8.7996855E+02
       573      1.5101375E+03
       574      1.9336608E+03
       575      1.6059308E+03
       576      3.8995643E+03
       577      3.4414514E+03
       578      4.0040696E+03
       579      3.1472711E+03
       580      3.0592100E+03
       581      3.6995984E+03
       582      5.1124600E+03
       583      7.2499456E+03
       584      5.6062372E+03
       585      2.9252074E+03
       586      4.4209362E+03
       587      6.3823648E+03
       588      7.1275682E+03
       589      4.2677179E+03
       590      4.7791330E+03
       591      4.7546587E+03
       592      3.1933319E+03
       593      3.2384169E+03
       594      5.4357339E+03
       595      4.5212737E+03
       596      1.2686346E+03
       597      1.1425631E+03
       598      7.5487989E+02
       599      5.2387870E+02
       600      4.7043222E+02
       601      4.8401610E+02
       602      3.6264128E+02
       603      4.5027714E+02
       604      6.8028570E+02
       605      1.1982793E+03
       606      1.5024218E+03
       607      3.0957230E+03
       608      3.7954311E+03
       609      3.2628977E+03
       610      3.0401564E+03
       611      3.1479266E+03
       612      3.2398072E+03
       613      3.2204482E+03
       614      3.1233069E+03
       615      2.9485545E+03
       616      3.2049807E+03
       617      3.6778232E+03
       618      2.9585971E+03
       619      3.0777962E+03
       620      1.7108187E+03
       621      1.3395421E+03
       622      1.5335245E+03
       623      3.1765008E+02
       624      3.7228074E+03
       625      3.0101657E+03
       626      3.1311793E+02
       627      3.2283344E+03
       628      3.2065410E+03
       629      3.2186467E+02
       630      1.3912971E+03
       631      1.0850789E+03
       632      3.3207971E+03
       633      4.6392452E+02
       634      3.8745190E+02
       635      1.3686389E+03
       636      1.4250866E+03
       637      1.7061657E+03
       638      3.4847123E+03
       639      3.3866216E+03
       640      3.2989044E+03
       641      3.2533664E+03
       642      3.0241353E+03
       643      3.3856516E+03
       644      5.9530345E+03
       645      5.9008081E+03
       646      7.0037479E+03
       647      3.4169418E+03
       648      3.0365118E+03
       649      3.1405318E+03
       650      3.1493825E+03
       651      3.0574860E+03
       652      4.6389563E+02
       653      6.1841417E+02
       654      1.0059426E+03
       655      1.4854789E+03
       656      3.6400474E+03
       657      3.1897755E+03
       658      3.2208304E+02
       659      3.1642288E+03
       660      3.6371530E+03
       661      5.8046970E+02
       662      6.9374343E+02
       663      1.0545251E+03
       664      1.8353429E+03
       665      2.1701123E+03
       666      3.7866926E+03
       667      3.8359492E+03
       668      3.6629908E+03
       669      3.2567276E+03
       670      3.1624028E+03
       671      3.0044383E+03
       672      3.1660653E+03
       673      3.0928354E+03
       674      4.1638072E+02
       675      3.1427135E+03
       676      3.2087606E+03
       677      3.1193414E+03
       678      2.9219126E+03
       679      3.0531680E+03
       680      3.0497788E+03
       681      3.0897246E+03
       682      3.0602201E+03
       683      3.5792178E+03
       684      3.1284318E+03
       685      3.3537180E+03
       686      1.4808469E+03
       687      5.3559036E+02
       688      2.9762633E+03
       689      2.9761414E+03
       690      5.0883531E+02
       691      6.3339306E+02
       692      7.0543521E+02
       693      9.6367300E+02
       694      1.3451910E+03
       695      3.2170648E+03
       696      3.7010948E+03
       697      3.6326842E+03
       698      1.2612916E+03
       699      1.8440862E+03
       700      9.4133710E+02
       701      6.3565741E+02
       702      3.0033596E+03
       703      3.0059944E+03
       704      2.9791820E+03
       705      2.6565654E+02
       706      9.7841093E+01
       707      2.5910052E+02
       708      4.8585910E+02
       709      7.2066677E+02
       710      9.7267345E+02
       711      1.2262188E+03
       712      1.5452041E+03
       713      1.9240219E+03
       714      2.3480524E+03
       715      2.7029342E+03
       716      2.8102328E+03
       717      2.2524412E+03
       718      2.8194080E+03
       719      3.6536084E+03
       720      3.8025603E+03
       721      3.8058618E+03
       722      3.5874987E+03
       723      3.3078473E+03
       724      3.0520409E+03
       725      2.9508507E+03
       726      3.0840363E+03
       727      3.4494545E+03
       728      3.9837303E+03
       729      3.0359483E+03
       730      3.3899253E+03
       731      3.7670637E+03
       732      4.0129036E+03
       733      3.9054900E+03
       734      3.3952297E+03
       735      2.4038690E+03
       736      1.0525166E+03
       737      7.7769471E+02
       738      2.0162757E+03
       739      2.4738214E+03
       740      2.4102859E+03
       741      2.1891978E+03
       742      1.9237198E+03
       743      1.6705362E+03
       744      1.4455475E+03
       745      1.2445236E+03
       746      1.0601507E+03
       747      8.7875556E+02
       748      6.7798179E+02
       749      4.5732400E+02
       750      2.4755916E+02
       751      4.8016853E+03
       752      5.3437276E+03
       753      5.8196585E+03
       754      6.1880077E+03
       755      6.4180396E+03
       756      6.3216156E+03
       757      6.1652376E+03
       758      5.8118462E+03
       759      5.3070409E+03
       760      4.7069969E+03
       761      3.9891271E+03
       762      3.5270363E+03
       763      2.4684873E+03
       764      1.6988891E+03
       765      2.1311810E+03
       766      2.1860173E+03
       767      1.8265291E+03
       768      1.3365289E+03
       769      7.9238235E+02
       770      3.4072981E+02
       771      1.5507727E+03
       772      1.5015724E+03
       773      1.4664729E+03
       774      1.4669125E+03
       775      2.7286599E+03
       776      2.6399164E+03
       777      1.4530602E+03
       778      1.4299559E+03
       779      1.3701034E+03
       780      1.3888468E+03
       781      1.4118240E+03
       782      1.4551173E+03
       783      2.4447801E+03
       784      2.3917290E+03
       785      2.4440023E+03
       786      2.4384848E+03
       787      2.5378227E+03
       788      2.3655330E+03
       789      2.3438064E+03
       790      2.4525927E+03
       791      2.5655640E+03
       792      2.5743662E+03
       793      2.5670871E+03
       794      2.5883051E+03
       795      2.6136052E+03
       796      2.8809288E+03
       797      3.0855790E+03
       798      3.6385136E+03
       799      3.6156359E+03
       800      3.4451307E+03
       801      2.8052134E+03
       802      2.3661333E+03
       803      2.1234569E+03
       804      2.4969170E+03
       805      3.3217205E+03
       806      3.5424915E+03
       807      3.4275357E+03
       808      3.1737897E+03
       809      3.1683818E+03
       810      2.8094063E+03
       811      1.9438329E+03
       812      2.1153553E+03
       813      2.5520813E+03
       814      2.3220228E+03
       815      2.4580366E+03
       816      2.4484616E+03
       817      2.4245491E+03
       818      2.5739878E+03
       819      2.8681027E+03
       820      3.3052747E+03
       821      3.7459251E+03
       822      3.7506771E+03
       823      3.6148485E+03
       824      3.5978010E+03
       825      3.6297220E+03
       826      3.5334648E+03
       827      3.3481513E+03
       828      3.1764079E+03
       829      3.2722353E+03
       830      3.5158927E+03
       831      3.3374269E+03
       832      2.6756779E+03
       833      5.3276190E+02
       834      1.0474154E+03
       835      2.6060826E+03
       836      2.6014782E+03
       837      2.1881778E+03
       838      2.0608821E+03
       839      1.9154591E+03
       840      1.8812551E+03
       841      1.5666299E+03
       842      1.9185380E+03
       843      1.7719259E+03
       844      1.5329224E+03
       845      9.3779551E+02
       846      8.8571880E+02
       847      1.2355320E+02
       848      3.0517600E+02
       849      5.6955430E+02
       850      8.7024856E+02
       851      4.6076494E+03
       852      5.1548178E+03
       853      1.5428902E+03
       854      1.6496648E+03
       855      1.8310961E+03
       856      2.3517862E+03
       857      7.3230876E+02
       858      7.5988296E+02
       859      7.9329307E+02
       860      8.4796282E+02
       861      7.8791238E+02
       862      7.6844779E+02
       863      7.5148032E+02
       864      5.3566182E+03
       865      5.1016437E+03
       866      4.6379470E+03
       867      4.5486100E+03
       868      8.3485374E+02
       869      9.0749468E+02
       870      9.9907412E+02
       871      1.1509154E+03
       872      1.2085566E+03
       873      1.5809942E+03
       874      2.0008000E+03
       875      2.4665266E+03
       876      7.4380345E+02
       877      3.0568080E+03
       878      4.1470378E+03
       879      4.8166227E+03
       880      5.4511922E+03
       881      1.7673898E+03
       882      1.8511644E+03
       883      1.9268335E+03
       884      1.9254527E+03
       885      2.3595522E+03
       886      2.8509746E+03
       887      2.7054174E+03
       888      4.6745379E+03
       889      1.5345393E+03
       890      1.4874436E+03
       891      8.2348147E+02
       892      8.6714208E+02
       893      8.0162244E+02
       894      3.8472073E+03
       895      8.3052726E+02
       896      1.9648505E+03
       897      1.6435514E+03
       898      1.8338695E+03
       899      2.3297370E+03
       900      2.8948798E+03
       901      2.6185684E+03
       902      2.2926619E+03
       903      1.9792733E+03
       904      2.4259581E+03
       905      2.7154025E+03
       906      2.1529570E+03
       907      2.6831870E+03
       908      3.0709294E+03
       909      3.0872926E+03
       910      2.8300358E+03
       911      2.6324349E+03
       912      2.5970180E+03
       913      2.9834295E+03
       914      3.7062665E+03
       915      3.7120547E+03
       916      4.0355102E+03
       917      3.8828536E+03
       918      3.3805773E+03
       919      3.4666264E+03
       920      3.8365140E+03
       921      3.6743038E+03
       922      4.0491799E+03
       923      4.2169440E+03
       924      4.3585877E+03
       925      4.1202771E+03
       926      4.0116122E+03
       927      4.2159649E+03
       928      4.3473380E+03
       929      4.0824309E+03
       930      4.1660811E+03
       931      4.0076188E+03
       932      4.1432788E+03
       933      4.4526954E+03
       934      4.1170982E+03
       935      4.2788129E+03
       936      4.1632008E+03
       937      4.2022909E+03
       938      3.9559187E+03
       939      3.4813836E+03
       940      3.6165638E+03
       941      4.4482717E+03
       942      4.7987964E+03
       943      4.3142968E+03
       944      4.0678469E+03
       945      4.7841274E+03
       946      2.7988141E+03
       947      2.6035721E+03
       948      2.3298552E+03
       949      2.8871371E+03
       950      3.8138573E+03
       951      3.0294474E+03
       952      2.4485973E+03
       953      3.0265224E+03
       954      3.5801563E+03
       955      3.7215848E+03
       956      2.8495033E+03
       957      2.9543505E+03
       958      2.7150769E+03
       959      2.3358026E+03
       960      3.0000806E+03
       961      2.6724591E+03
       962      1.8817103E+03
       963      1.5183104E+03
       964      1.4809602E+03
       965      1.8310110E+03
       966      2.4036799E+03
       967      2.1314330E+03
       968      1.7565923E+03
       969      2.1310721E+03
       970      1.0466828E+03
       971      9.7002357E+02
       972      1.0428289E+03
       973      1.1928429E+03
       974      1.5652504E+03
       975      1.2824580E+03
       976      1.1424564E+03
       977      1.3567198E+03
       978      9.1711559E+02
       979      8.4281487E+02
       980      7.3074218E+02
       981      7.5224911E+02
       982      1.0418648E+03
       983      9.4857444E+02
       984      8.4137519E+02
       985      8.9384847E+02
       986      7.2791275E+02
       987      6.5074095E+02
       988      5.0043368E+02
       989      3.6012318E+02
       990      6.1711215E+02
       991      6.3238331E+02
       992      5.8120821E+02
       993      4.7991119E+02
       994      1.9399219E+03
       995      1.7025417E+03
       996      1.7853684E+03
       997      2.0586595E+03
       998      2.4182350E+03
       999      2.2405574E+03
      1000      2.1918748E+03
      1001      1.9368865E+03
      1002      2.1846266E+03
      1003      2.2749715E+03
      1004      2.8829282E+03
      1005      1.9961889E+03
      1006      2.4647906E+03
      1007      2.1070073E+03
      1008      1.3489661E+03
      1009      2.5996343E+03
      1010      1.4886208E+03
      1011      1.2681911E+03
      1012      2.8880431E+03
      1013      2.9959301E+03
      1014      3.4274502E+03
      1015      3.5774395E+03
      1016      3.1872924E+03
      1017      3.1330840E+03
      1018      2.9608924E+03
      1019      3.3120765E+03
      1020      3.7837814E+03
      1021      4.2392295E+03
      1022      4.3295899E+03
      1023      4.2426831E+03
      1024      4.2529754E+03
      1025      4.1332590E+03
      1026      3.8767914E+03
      1027      4.3665648E+03
      1028      4.3730911E+03
      1029      4.0096824E+03
      1030      3.8168373E+03
      1031      3.5847599E+03
      1032      3.3256097E+03
      1033      3.8753255E+03
      1034      4.1175246E+03
      1035      4.0316629E+03
      1036      3.6806016E+03
      1037      4.0306252E+03
      1038      3.0113441E+03
      1039      2.8683681E+03
      1040      2.2660473E+03
      1041      2.9409209E+03
      1042      3.7782635E+03
      1043      3.1961966E+03
      1044      2.8402046E+03
      1045      3.2370493E+03
      1046      2.0013281E+03
      1047      2.6616932E+03
      1048      3.4752650E+03
      1049      3.8031930E+03
      1050      3.1304518E+03
      1051      2.3684279E+03
      1052      2.9336945E+03
      1053      3.5149827E+03
      1054      6.0329813E+02
      1055      7.0366400E+02
      1056      6.6780498E+02
      1057      6.4708336E+02
      1058      5.0920219E+02
      1059      3.5563567E+02
      1060      4.3907450E+02
      1061      5.9106686E+02
      1062      5.3116050E+02
      1063      3.4151457E+02
      1064      6.2414498E+02
      1065      6.8008027E+02
      1066      7.1266221E+02
      1067      7.6271354E+02
      1068      4.5123242E+02
      1069      5.4300033E+02
      1070      5.8179329E+02
      1071      5.6358800E+02
      1072      8.1337815E+02
      1073      2.0327500E+03
      1074      1.0771567E+03
      1075      1.2341380E+03
      1076      8.9834443E+02
      1077      8.5337403E+02
      1078      9.4662913E+02
      1079      1.0577340E+03
      1080      1.1389106E+03
      1081      1.3256271E+03
      1082      1.4378503E+03
      1083      1.2488190E+03
      1084      1.4566787E+03
      1085      1.6790726E+03
      1086      2.5265393E+03
      1087      3.4259395E+03
      1088      4.7948377E+03
      1089      3.3082434E+03
      1090      3.2946219E+03
      1091      3.7337802E+03
      1092      3.0777831E+03
      1093      3.7809326E+03
      1094      3.2992212E+03
      1095      3.2335184E+03
      1096      3.1640549E+03
      1097      3.3497569E+03
      1098      3.7693230E+03
      1099      4.7437695E+03
      1100      4.2416416E+03
      1101      3.4805072E+03
      1102      3.5869666E+03
      1103      4.5278518E+03
      1104      3.2192235E+03
      1105      3.3341450E+03
      1106      3.9647106E+03
      1107      5.0854879E+03
      1108      4.9075758E+03
      1109      3.7603463E+03
      1110      3.7599624E+03
      1111      5.0566665E+03
      1112      3.7938253E+03
      1113      3.9888252E+03
      1114      4.3403630E+03
      1115      4.6455292E+03
      1116      4.9549408E+03
      1117      4.1112560E+03
      1118      4.2519110E+03
      1119      4.8191520E+03
      1120      4.2135834E+03
      1121      4.2606918E+03
      1122      4.3796568E+03
      1123      4.0039306E+03
      1124      4.4322455E+03
      1125      4.3887860E+03
      1126      4.3913173E+03
      1127      4.2046823E+03
      1128      4.3218488E+03
      1129      4.3626889E+03
      1130      4.3729269E+03
      1131      4.2068322E+03
      1132      3.9092621E+03
      1133      4.3435132E+03
      1134      4.3496849E+03
      1135      3.9613038E+03
      1136      4.3957074E+03
      1137      4.4629477E+03
      1138      5.0840453E+03
      1139      5.5422423E+03
      1140      4.5726744E+03
      1141      4.4900246E+03
      1142      4.7249238E+03
      1143      5.0243057E+03
      1144      4.5664246E+03
      1145      4.3137578E+03
      1146      4.5404154E+03
      1147      5.7553345E+03
      1148      5.8434350E+03
      1149      5.0225338E+03
      1150      4.8342287E+03
      1151      5.9426006E+03
      1152      1.0481315E+03
      1153      1.3369613E+03
      1154      1.7919855E+03
      1155      2.0804778E+03
      1156      2.2493275E+03
      1157      2.0577696E+03
      1158      1.3510286E+03
      1159      1.5525506E+03
      1160      1.8312672E+03
      1161      1.7355069E+03
      1162      3.1620293E+03
      1163      4.2159550E+03
      1164      2.3259472E+03
      1165      2.7298433E+03
      1166      2.8091417E+03
      1167      1.8035221E+03
      1168      3.6472361E+03
      1169      4.5544447E+03
      1170      2.6239276E+03
      1171      2.3999867E+03
      1172      2.5200600E+03
      1173      4.8093594E+03
      1174      3.2749466E+03
      1175      2.5680973E+03
      1176      8.2866236E+02
      1177      2.3345903E+03
      1178      4.8037272E+03
      1179      2.3364607E+03
      1180      2.6077783E+03
      1181      3.0470276E+03
      1182      3.1634384E+03
      1183      3.0583091E+03
      1184      2.5551518E+03
      1185      2.9862574E+03
      1186      2.8622659E+03
      1187      3.0822354E+03
      1188      1.7088872E+03
      1189      1.6719915E+03
      1190      1.5560474E+03
      1191      1.5014196E+03
      1192      1.5108296E+03
      1193      1.5831589E+03
      1194      1.5597433E+03
      1195      1.5086984E+03
      1196      2.1724082E+03
      1197      1.8670317E+03
      1198      1.8582967E+03
      1199      2.0866975E+03
      1200      7.7770259E+02
      1201      8.0668960E+02
      1202      6.9770588E+02
      1203      7.0301695E+02
      1204      7.3006907E+02
      1205      7.0671789E+02
      1206      2.2109434E+03
      1207      1.9963440E+03
      1208      1.3873338E+03
      1209      1.3655675E+03
      1210      1.5752915E+03
      1211      1.7493543E+03
      1212      1.8935415E+03
      1213      1.7152017E+03
      1214      7.6123216E+02
      1215      7.1547443E+02
      1216      2.4938473E+03
      1217      3.0508678E+03
      1218      2.2549700E+03
      1219      2.2821086E+03
      1220      2.7261811E+03
      1221      2.4277753E+03
      1222      2.5513441E+03
      1223      2.9722020E+03
      1224      2.7831819E+03
      1225      2.4959286E+03
      1226      3.0471289E+03
      1227      3.2402428E+03
      1228      9.4400549E+02
      1229      7.6766217E+02
      1230      2.0114437E+03
      1231      2.3055552E+03
      1232      2.2217536E+03
      1233      2.2949632E+03
      1234      2.3091867E+03
      1235      2.8661049E+03
      1236      2.2159350E+03
      1237      2.7227755E+03
      1238      2.7804385E+03
      1239      2.7430325E+03
      1240      2.8117993E+03
      1241      2.9074359E+03
      1242      2.3301310E+03
      1243      2.1083667E+03
      1244      3.3165360E+03
      1245      3.1845533E+03
      1246      2.9810910E+03
      1247      3.1611447E+03
      1248      2.9366704E+03
      1249      2.9974742E+03
      1250      3.1016148E+03
      1251      3.1618913E+03
      1252      3.0047698E+03
      1253      2.9747281E+03
      1254      3.0641457E+03
      1255      2.5447499E+03
      1256      3.1629869E+03
      1257      2.8609399E+03
      1258      2.8960013E+03
      1259      2.8213007E+03
      1260      3.0915023E+03
      1261      3.0502993E+03
      1262      2.9249793E+03
      1263      3.0311831E+03
      1264      2.8191330E+03
      1265      3.0436623E+03
      1266      2.9386868E+03
      1267      2.8891175E+03
      1268      3.0200563E+03
      1269      3.0216983E+03
      1270      3.0207699E+03
      1271      3.0900230E+03
      1272      3.1703542E+03
      1273      2.9742956E+03
      1274      3.0610846E+03
      1275      3.3246677E+03
      1276      3.0280846E+03
      1277      3.0067320E+03
      1278      2.9152203E+03
      1279      2.7737342E+03
      1280      3.0965008E+03
      1281      3.0726502E+03
      1282      3.0073113E+03
      1283      2.9095172E+03
      1284      2.9155597E+03
      1285      2.8368470E+03
      1286      2.7155814E+03
      1287      2.6244005E+03
      1288      2.7568561E+03
      1289      2.8551164E+03
      1290      2.7736703E+03
      1291      2.6754185E+03
      1292      2.7836882E+03
      1293      2.8091816E+03
      1294      2.7223525E+03
      1295      2.5338524E+03
      1296      2.5205685E+03
      1297      2.6443973E+03
      1298      2.7116644E+03
      1299      2.5357418E+03
      1300      2.8304139E+03
      1301      2.8446667E+03
      1302      2.8092529E+03
      1303      2.7543555E+03
      1304      2.6222590E+03
      1305      2.7392164E+03
      1306      2.7723961E+03
      1307      2.6925789E+03
      1308      2.9281737E+03
      1309      2.9884943E+03
      1310      2.9260514E+03
      1311      2.8586253E+03
      1312      2.8053187E+03
      1313      2.8494501E+03
      1314      2.8892278E+03
      1315      2.8425661E+03
      1316      3.1403806E+03
      1317      3.2264493E+03
      1318      3.0155018E+03
      1319      2.6902214E+03
      1320      2.8428151E+03
      1321      2.9547261E+03
      1322      2.9794651E+03
      1323      2.7859877E+03
      1324      3.3754306E+03
      1325      3.3830470E+03
      1326      2.5759189E+03
      1327      3.0659710E+03
      1328      3.0226013E+03
      1329      2.5614265E+03
      1330      2.7405420E+03
      1331      3.0544780E+03
      1332      2.6970758E+03
      1333      2.9620810E+03
      1334      2.6363425E+03
      1335      2.7477170E+03
      1336      2.9563227E+03
      1337      2.6724830E+03
      1338      3.0487694E+03
      1339      3.0951206E+03
      1340      3.1330676E+03
      1341      3.0709817E+03
      1342      3.0245512E+03
      1343      3.1021005E+03
      1344      3.0799588E+03
      1345      2.8464148E+03
      1346      3.2860009E+03
      1347      3.1406364E+03
      1348      3.1224569E+03
      1349      3.1114746E+03
      1350      3.1937699E+03
      1351      3.1258089E+03
      1352      3.0364219E+03
      1353      3.0691196E+03
      1354      3.2955216E+03
      1355      3.1359794E+03
      1356      3.1142088E+03
      1357      3.1190935E+03
      1358      3.3265029E+03
      1359      3.1345447E+03
      1360      3.1425730E+03
      1361      3.3587890E+03
      1362      2.5595360E+03
      1363      2.6703584E+03
      1364      2.7879567E+03
      1365      2.8490247E+03
      1366      2.8824253E+03
      1367      2.7908845E+03
      1368      2.5688403E+03
      1369      2.6848102E+03
      1370      2.7761918E+03
      1371      2.6256964E+03
      1372      2.5505596E+03
      1373      2.7031977E+03
      1374      2.7773950E+03
      1375      2.7576846E+03
      1376      2.5240139E+03
      1377      2.6789667E+03
      1378      2.6463343E+03
      1379      2.5333184E+03
      1380      2.7327946E+03
      1381      2.8175441E+03
      1382      2.8898870E+03
      1383      2.8390351E+03
      1384      2.6982599E+03
      1385      2.7755993E+03
      1386      2.7313542E+03
      1387      2.6363539E+03
      1388      2.6018017E+03
      1389      2.9401338E+03
      1390      3.1183776E+03
      1391      3.0313651E+03
      1392      2.6890243E+03
      1393      2.8894899E+03
      1394      2.8538490E+03
      1395      2.7323069E+03
      1396      2.5608037E+03
      1397      2.9086796E+03
      1398      3.2501354E+03
      1399      3.2489181E+03
      1400      2.6112901E+03
      1401      2.9385769E+03
      1402      2.9724188E+03
      1403      2.5656523E+03
      1404      4.0817876E+03
      1405      4.0092770E+03
      1406      3.5832510E+03
      1407      5.0551706E+03
      1408      5.7438142E+03
      1409      6.5148332E+03
      1410      5.2679408E+03
      1411      5.9761507E+03
      1412      6.5941047E+03
      1413      7.2276730E+03
      1414      8.9383740E+03
      1415      7.2819420E+03
      1416      7.7158901E+03
      1417      7.0004156E+03
      1418      9.7153544E+03
      1419      3.8239001E+03
      1420      3.7240745E+03
      1421      3.6098182E+03
      1422      3.5978344E+03
      1423      3.7371561E+03
      1424      3.7880792E+03
      1425      3.4658327E+03
      1426      3.5595537E+03
      1427      3.4064190E+03
      1428      3.4829741E+03
      1429      3.8064420E+03
      1430      3.4808496E+03
      1431      3.5064946E+03
      1432      4.0133940E+03
      1433      3.5258017E+03
      1434      4.2195910E+03
      1435      3.3374946E+03
      1436      3.9726351E+03
      1437      4.4313648E+03
      1438      2.7837121E+03
      1439      2.9149778E+03
      1440      2.8694428E+03
      1441      3.5724155E+03
      1442      3.3102073E+03
      1443      2.6573030E+03
      1444      4.7539628E+03
      1445      3.7634438E+03
      1446      3.1419707E+03
      1447      3.1953918E+03
      1448      3.8201209E+03
      1449      3.6020334E+03
      1450      3.1259969E+03
      1451      3.5306974E+03
      1452      6.0238401E+03
      1453      6.3716083E+03
      1454      4.0380995E+03
      1455      3.7801804E+03
      1456      6.8734207E+03
      1457      5.7540973E+03
      1458      4.6531404E+03
      1459      6.2060712E+03
      1460      4.5836789E+03
      1461      4.7032486E+03
      1462      5.3713124E+03
      1463      5.7015610E+03
      1464      5.0863354E+03
      1465      5.2228925E+03
      1466      5.6005453E+03
      1467      5.6975476E+03
      1468      3.9555858E+03
      1469      4.3013510E+03
      1470      4.4454053E+03
      1471      3.4010906E+03
      1472      3.7009610E+03
      1473      4.1496186E+03
      1474      4.0225405E+03
      1475      5.2207011E+03
      1476      5.4523508E+03
      1477      4.8540240E+03
      1478      5.0888817E+03
      1479      3.9380310E+03
      1480      7.4774396E+03
      1481      9.8710262E+03
      1482      7.1871094E+03
      1483      7.2934084E+03
      1484      1.0631505E+04
      1485      4.5287722E+03
      1486      4.4514672E+03
      1487      6.4081336E+03
      1488      4.7179193E+03
      1489      9.2559981E+03
      1490      3.3089309E+03
      1491      4.0401623E+03
      1492      3.2979683E+03
      1493      3.2966261E+03
      1494      3.4362220E+03
      1495      3.1934247E+03
      1496      3.1791876E+03
      1497      3.1881928E+03
      1498      3.2527453E+03
      1499      3.2085133E+03
      1500      3.2523158E+03
      1501      3.2127070E+03
      1502      3.2252635E+03
      1503      3.2098214E+03
      1504      3.2845034E+03
      1505      3.1670318E+03
      1506      3.1760231E+03
      1507      3.1983938E+03
      1508      3.1799507E+03
      1509      3.1877599E+03
      1510      3.1998654E+03
      1511      3.1943091E+03
      1512      3.1764110E+03
      1513      3.2044456E+03
      1514      3.1868434E+03
      1515      3.2182521E+03
      1516      3.1905204E+03
      1517      3.5326629E+03
      1518      3.3055761E+03
      1519      3.5558233E+03
      1520      3.5134258E+03
      1521      3.5134922E+03
      1522      3.5185711E+03
      1523      3.5001025E+03
      1524      3.5222162E+03
      1525      3.5139200E+03
      1526      3.4745826E+03
      1527      3.4632527E+03
      1528      3.4071091E+03
      1529      3.3868773E+03
      1530      3.4403468E+03
      1531      3.4539622E+03
      1532      3.4398693E+03
      1533      3.4839623E+03
      1534      3.5380863E+03
      1535      3.5082253E+03
      1536      3.3569528E+03
      1537      3.3655177E+03
      1538      3.4985934E+03
      1539      3.0535377E+03
      1540      3.4094669E+03
      1541      3.5753694E+03
      1542      3.4308670E+03
      1543      3.3253524E+03
      1544      3.2268361E+03
      1545      3.2273086E+03
      1546      3.2019642E+03
      1547      3.2660948E+03
      1548      3.2731736E+03
      1549      3.4815262E+03
      1550      3.2238171E+03
      1551      3.2103918E+03
      1552      3.3193956E+03
      1553      3.3501102E+03
      1554      3.3382222E+03
      1555      3.3600572E+03
      1556      3.4212096E+03
      1557      3.4849616E+03
      1558      3.0409492E+03
      1559      3.0012215E+03
      1560      3.1325803E+03
      1561      3.1634245E+03
      1562      3.0239769E+03
      1563      2.9918227E+03
      1564      3.1752658E+03
      1565      3.1291327E+03
      1566      3.9404724E+03
      1567      3.7173822E+03
      1568      3.1165507E+03
      1569      3.0526288E+03
      1570      3.6337604E+03
      1571      3.3692435E+03
      1572      3.0713203E+03
      1573      3.3448647E+03
      1574      5.0655945E+03
      1575      5.0504412E+03
      1576      4.9896969E+03
      1577      3.4532087E+03
      1578      5.2746643E+03
      1579      6.5271434E+03
      1580      4.5995800E+03
      1581      6.0594531E+03
      1582      4.9708580E+03
      1583      5.4192486E+03
      1584      5.4559555E+03
      1585      5.5090771E+03
      1586      4.7785975E+03
      1587      5.2168015E+03
      1588      5.1723596E+03
      1589      4.7412225E+03
      1590      6.9934839E+03
      1591      6.5794318E+03
      1592      6.8069580E+03
      1593      6.2632156E+03
      1594      6.0881749E+03
      1595      6.4461362E+03
      1596      5.9113382E+03
      1597      5.3486032E+03
      1598      3.8142990E+03
      1599      3.7655130E+03
      1600      3.3214574E+03
      1601      5.3575942E+03
      1602      6.1795677E+03
      1603      3.1589450E+03
      1604      7.3178436E+03
      1605      7.4621990E+03
      1606      2.9115669E+03
      1607      3.0407866E+03
      1608      3.1727017E+03
      1609      3.0331660E+03
      1610      3.3999480E+03
      1611      3.1741396E+03
      1612      3.4055485E+03
      1613      3.5353747E+03
      1614      3.1036013E+03
      1615      3.0658584E+03
      1616      3.0313331E+03
      1617      2.8662480E+03
      1618      3.0197614E+03
      1619      2.9763812E+03
      1620      2.7641633E+03
      1621      3.2807850E+03
      1622      3.2059571E+03
      1623      3.2064155E+03
      1624      3.2086383E+03
      1625      3.2095182E+03
      1626      3.2097083E+03
      1627      3.1372732E+03
      1628      3.0599815E+03
      1629      3.0870115E+03
      1630      3.3047595E+03
      1631      3.1044984E+03
      1632      3.1451792E+03
      1633      3.0964247E+03
      1634      3.1636713E+03
      1635      3.1256892E+03
      1636      3.0770527E+03
      1637      3.0708422E+03
      1638      3.1504080E+03
      1639      3.1154402E+03
      1640      3.1198691E+03
      1641      3.1515059E+03
      1642      3.1914773E+03
      1643      3.1638488E+03
      1644      3.1247963E+03
      1645      3.1070588E+03
      1646      3.1773240E+03
      1647      3.1856926E+03
      1648      3.1543976E+03
      1649      3.1385177E+03
      1650      3.1724434E+03
      1651      3.1688398E+03
      1652      3.1572897E+03
      1653      3.1510936E+03
      1654      3.1731432E+03
      1655      3.1665727E+03
      1656      3.1681835E+03
      1657      3.1873060E+03
      1658      3.2138416E+03
      1659      3.2178579E+03
      1660      3.1968513E+03
      1661      3.1771189E+03
      1662      3.1922982E+03
      1663      3.1952279E+03
      1664      3.1786140E+03
      1665      3.1790400E+03
      1666      3.2832080E+03
      1667      3.2675330E+03
      1668      3.2464379E+03
      1669      3.2658327E+03
      1670      3.2668300E+03
      1671      3.2425487E+03
      1672      3.2342433E+03
      1673      4.7234933E+03
      1674      5.4525668E+03
      1675      2.0712503E+03
      1676      3.5262764E+03
      1677      2.1378993E+03
      1678      2.0266582E+03
      1679      2.8865311E+03
      1680      3.1861187E+03
      1681      3.7166734E+03
      1682      3.6231225E+03
      1683      3.5726562E+03
      1684      3.5820065E+03
      1685      3.3832260E+03
      1686      3.6999121E+03
      1687      3.8154989E+03
      1688      3.8143888E+03
      1689      3.7198764E+03
      1690      3.6843875E+03
      1691      3.4696962E+03
      1692      3.4586900E+03
      1693      3.5382893E+03
      1694      3.6092416E+03
      1695      3.6220941E+03
      1696      3.5676356E+03
      1697      3.5147240E+03
      1698      3.5242776E+03
      1699      3.5754122E+03
      1700      3.5427600E+03
      1701      3.2791885E+03
      1702      3.2029046E+03
      1703      3.2127509E+03
      1704      3.3531385E+03
      1705      3.3385873E+03
      1706      3.2822017E+03
      1707      3.3767614E+03
      1708      3.4088425E+03
      1709      3.2374642E+03
      1710      3.2077340E+03
      1711      3.3188345E+03
      1712      3.5008836E+03
      1713      3.6994547E+03
      1714      3.6020800E+03
      1715      3.3517700E+03
      1716      3.3417603E+03
      1717      3.5298698E+03
      1718      3.5488719E+03
      1719      3.2559883E+03
      1720      3.2174234E+03
      1721      3.1393433E+03
      1722      3.1185678E+03
      1723      3.2053608E+03
      1724      3.1752060E+03
      1725      3.1649346E+03
      1726      3.1912340E+03
      1727      3.2392156E+03
      1728      3.2237937E+03
      1729      3.2131723E+03
      1730      3.2069337E+03
      1731      3.2885128E+03
      1732      3.2498053E+03
      1733      3.2500246E+03
      1734      3.2954113E+03
      1735      3.0997645E+03
      1736      3.0917012E+03
      1737      3.1238894E+03
      1738      3.1603353E+03
      1739      3.1212091E+03
      1740      3.1329505E+03
      1741      3.1775301E+03
      1742      3.1928669E+03
      1743      3.3285094E+03
      1744      3.0259140E+03
      1745      2.9440016E+03
      1746      3.0901661E+03
      1747      3.0748500E+03
      1748      3.1394933E+03
      1749      3.0374352E+03
      1750      3.0591981E+03
      1751      6.2967666E+03
      1752      4.2884315E+03
      1753      3.1882176E+03
      1754      3.1568911E+03
      1755      2.8936859E+03
      1756      3.2080868E+03
      1757      3.2661873E+03
      1758      3.5396878E+03
      1759      6.3278545E+03
      1760      6.5333252E+03
      1761      5.4949271E+03
      1762      6.0530827E+03
      1763      5.8110647E+03
      1764      5.9992425E+03
      1765      6.0972203E+03
      1766      5.2064215E+03
      1767      7.4177900E+03
      1768      5.6179435E+03
      1769      8.8255064E+03
      1770      7.9412304E+03
      1771      6.6810835E+03
      1772      8.1890949E+03
      1773      7.4892326E+03
      1774      6.8688730E+03
      1775      3.3017990E+03
      1776      3.0554829E+03
      1777      3.4464018E+03
      1778      4.0034021E+03
      1779      3.5677048E+03
      1780      3.4381147E+03
      1781      3.8605167E+03
      1782      3.6199491E+03
      1783      3.1001440E+03
      1784      3.0698360E+03
      1785      3.1162380E+03
      1786      2.9831202E+03
      1787      2.9519740E+03
      1788      3.0798122E+03
      1789      3.2688519E+03
      1790      3.1425643E+03
      1791      3.1260480E+03
      1792      3.1064166E+03
      1793      3.0798714E+03
      1794      3.0796382E+03
      1795      3.0755939E+03
      1796      3.0770089E+03
      1797      3.0767792E+03
      1798      3.0452227E+03
      1799      3.1165059E+03
      1800      3.0803778E+03
      1801      3.0765136E+03
      1802      3.0889014E+03
      1803      3.1444195E+03
      1804      3.1110182E+03
      1805      3.1181461E+03
      1806      3.1586084E+03
      1807      3.0164900E+03
      1808      2.9878094E+03
      1809      2.9904000E+03
      1810      3.0220852E+03
      1811      3.0280949E+03
      1812      3.0093921E+03
      1813      3.0450714E+03
      1814      3.0649323E+03
      1815      3.0554309E+03
      1816      3.0281278E+03
      1817      2.9682716E+03
      1818      2.9553688E+03
      1819      3.0354957E+03
      1820      3.0011259E+03
      1821      2.9874050E+03
      1822      3.0209068E+03
      1823      3.1210633E+03
      1824      3.1050509E+03
      1825      3.0670730E+03
      1826      3.0402514E+03
      1827      3.0784651E+03
      1828      3.1012668E+03
      1829      3.0815047E+03
      1830      3.0557543E+03
      1831      3.0970208E+03
      1832      3.0876762E+03
      1833      3.1163059E+03
      1834      3.1309990E+03
      1835      3.1322939E+03
      1836      3.1242058E+03
      1837      3.1116289E+03
      1838      3.1119043E+03
      1839      3.1261894E+03
      1840      3.1231816E+03
      1841      3.1584325E+03
      1842      3.1512989E+03
      1843      3.1368149E+03
      1844      3.1476328E+03
      1845      3.1387594E+03
      1846      3.1247900E+03
      1847      3.1609981E+03
      1848      3.1793370E+03
      1849      3.1724591E+03
      1850      3.1495955E+03
      1851      3.1355537E+03
      1852      3.1506571E+03
      1853      3.1676421E+03
      1854      3.1508786E+03
      1855      3.2239421E+03
      1856      3.2214162E+03
      1857      3.1738889E+03
      1858      3.1959505E+03
      1859      3.1898900E+03
      1860      3.1687334E+03
      1861      2.9471391E+03
      1862      2.9318123E+03
      1863      2.9131226E+03
      1864      2.9478609E+03
      1865      3.0013573E+03
      1866      3.0258803E+03
      1867      2.9703377E+03
      1868      2.9462712E+03
      1869      2.9740918E+03
      1870      2.9986249E+03
      1871      3.0795736E+03
      1872      3.0773098E+03
      1873      3.0651173E+03
      1874      3.0513169E+03
      1875      2.9562012E+03
      1876      3.2348232E+03
      1877      3.0789861E+03
      1878      3.0842107E+03
      1879      3.1020781E+03
      1880      3.1112716E+03
      1881      3.1993455E+03
      1882      3.4450156E+03
      1883      4.8187086E+03
      1884      4.9080611E+03
      1885      3.2531619E+03
      1886      3.2663125E+03
      1887      3.6742756E+03
      1888      3.8642441E+03
      1889      3.8886303E+03
      1890      6.8112093E+03
      1891      1.3069654E+04
      1892      5.8972651E+03
      1893      7.1519507E+03
      1894      4.8312987E+03
      1895      8.0995810E+03
      1896      1.1576676E+04
      1897      2.9757461E+03
      1898      2.8697218E+03
      1899      2.8236211E+03
      1900      2.8220326E+03
      1901      7.7929938E+03
      1902      7.3790661E+03
      1903      2.7164724E+03
      1904      4.8826756E+03
      1905      3.0429313E+03
      1906      3.1525309E+03
      1907      2.9304867E+03
      1908      3.1935904E+03
      1909      3.0676816E+03
      1910      2.9554669E+03
      1911      3.1464381E+03
      1912      2.9955677E+03
      1913      3.0283266E+03
      1914      3.0465257E+03
      1915      3.0706670E+03
      1916      3.0869499E+03
      1917      3.0497231E+03
      1918      3.0705077E+03
      1919      3.0490996E+03
      1920      3.0555000E+03
      1921      3.0653468E+03
      1922      3.0789211E+03
      1923      3.1259982E+03
      1924      3.1607671E+03
      1925      3.1062404E+03
      1926      3.0897588E+03
      1927      3.1078138E+03
      1928      3.1365634E+03
      1929      3.0935309E+03
      1930      3.0835719E+03
      1931      3.1007947E+03
      1932      3.1412145E+03
      1933      3.1734710E+03
      1934      3.1340670E+03
      1935      3.1265984E+03
      1936      3.1678780E+03
      1937      3.0288644E+03
      1938      2.9915767E+03
      1939      3.0294941E+03
      1940      3.0773920E+03
      1941      3.1046231E+03
      1942      3.0652960E+03
      1943      3.0365920E+03
      1944      3.0752318E+03
      1945      3.0535265E+03
      1946      3.1015638E+03
      1947      3.1751299E+03
      1948      3.1773666E+03
      1949      3.0491140E+03
      1950      3.0996752E+03
      1951      3.0921098E+03
      1952      3.0346191E+03
      1953      3.2744656E+03
      1954      3.4296000E+03
      1955      3.5012234E+03
      1956      3.4661408E+03
      1957      3.2056870E+03
      1958      3.2279215E+03
      1959      3.3715818E+03
      1960      3.3558276E+03
      1961      3.8582618E+03
      1962      3.6955084E+03
      1963      3.4798541E+03
      1964      3.6627167E+03
      1965      3.5449546E+03
      1966      3.3746126E+03
      1967      2.4972949E+03
      1968      2.1932058E+03
      1969      3.2968922E+03
      1970      3.3709702E+03
      1971      3.1700494E+03
      1972      2.8166856E+03
      1973      2.6060807E+03
      1974      3.0289345E+03
      1975      7.6881332E+02
      1976      2.9928180E+03
      1977      2.4472754E+03
      1978      8.8937300E+03
      1979      2.1622522E+03
      1980      4.5889209E+03
      1981      1.7847231E+03
      1982      3.3079249E+03
      1983      3.3316148E+03
      1984      3.3100470E+03
      1985      3.2628154E+03
      1986      3.2802280E+03
      1987      3.2929092E+03
      1988      3.2541080E+03
      1989      3.2496608E+03
      1990      3.4713651E+03
      1991      3.6588818E+03
      1992      3.7417359E+03
      1993      3.6532788E+03
      1994      3.5506986E+03
      1995      3.4097977E+03
      1996      3.5005691E+03
      1997      3.6739266E+03
      1998      3.6300828E+03
      1999      3.4756390E+03
      2000      3.5238690E+03
      2001      3.4320281E+03
      2002      3.2405137E+03
      2003      3.1075368E+03
      2004      3.3158920E+03
      2005      3.4626617E+03
      2006      3.3577309E+03
      2007      3.2111301E+03
      2008      3.2090494E+03
      2009      3.0857317E+03
      2010      2.9484257E+03
      2011      2.8849144E+03
      2012      3.0140434E+03
      2013      3.1250779E+03
      2014      3.0237733E+03
      2015      2.9391343E+03
      2016      2.9352584E+03
      2017      2.9163583E+03
      2018      2.8828716E+03
      2019      2.8293675E+03
      2020      2.8506225E+03
      2021      2.9021203E+03
      2022      2.8822412E+03
      2023      2.8322374E+03
      2024      1.1039200E+03
      2025      1.3665993E+03
      2026      1.4338968E+03
      2027      1.0967758E+03
      2028      1.0581263E+03
      2029      1.2101661E+03
      2030      1.2582931E+03
      2031      3.5268615E+03
      2032      3.6452348E+03
      2033      3.7911169E+03
      2034      3.9501348E+03
      2035      3.6887333E+03
      2036      3.5975470E+03
      2037      3.7436726E+03
      2038      3.8580097E+03
      2039      4.1256431E+03
      2040      7.9666851E+02
      2041      4.0222986E+03
      2042      3.0214329E+03
      2043      2.9874163E+03
      2044      2.9273811E+03
      2045      2.8620211E+03
      2046      2.9534238E+03
      2047      2.9852471E+03
      2048      2.9492147E+03
      2049      2.8955016E+03
      2050      2.9703396E+03
      2051      2.9754301E+03
      2052      2.9362693E+03
      2053      2.8851465E+03
      2054      2.8696861E+03
      2055      2.9289465E+03
      2056      2.9341002E+03
      2057      2.8849154E+03
      2058      3.0534389E+03
      2059      3.0164092E+03
      2060      3.0452629E+03
      2061      3.0560751E+03
      2062      3.0168737E+03
      2063      3.0110642E+03
      2064      2.9636814E+03
      2065      3.0484847E+03
      2066      3.2019713E+03
      2067      3.3362962E+03
      2068      3.3707089E+03
      2069      3.2247405E+03
      2070      3.0354490E+03
      2071      3.1616069E+03
      2072      3.2576782E+03
      2073      3.1254424E+03
      2074      3.4728290E+03
      2075      3.5563509E+03
      2076      3.3332856E+03
      2077      3.4689599E+03
      2078      3.5588654E+03
      2079      3.4354733E+03
      2080      1.1930617E+03
      2081      9.9419447E+02
      2082      3.6071349E+03
      2083      3.4934953E+03
      2084      3.3994391E+03
      2085      3.3959335E+03
      2086      3.5033041E+03
      2087      3.4317110E+03
      2088      3.7554988E+03
      2089      3.6920058E+03
      2090      3.7134198E+03
      2091      3.9643928E+03
      2092      1.5026081E+03
      2093      1.6386440E+03
      2094      2.0857892E+03
      2095      2.2177200E+03
      2096      1.5674851E+03
      2097      1.7971432E+03
      2098      1.9564840E+03
      2099      1.6564736E+03
      2100      1.5796591E+03
      2101      1.4532305E+03
      2102      3.6834727E+02
      2103      3.5168644E+03
      2104      2.6107123E+03
      2105      3.3027416E+03
      2106      3.7810405E+03
      2107      2.7336258E+03
      2108      3.1349361E+03
      2109      2.9059822E+03
      2110      3.6491165E+03
      2111      3.2774641E+03
      2112      3.6935562E+03
      2113      3.0589210E+03
      2114      3.0108514E+03
      2115      3.0133356E+03
      2116      3.0905975E+03
      2117      3.4450744E+03
      2118      3.7010970E+03
      2119      2.9535685E+03
      2120      3.0554162E+03
      2121      3.1931820E+03
      2122      3.2672196E+03
      2123      3.1062055E+03
      2124      3.1260457E+03
      2125      2.9826693E+03
      2126      2.9955002E+03
      2127      3.0091917E+03
      2128      3.0235883E+03
      2129      2.9976829E+03
      2130      2.9876652E+03
      2131      3.0157005E+03
      2132      3.0105989E+03
      2133      2.9910597E+03
      2134      2.9831159E+03
      2135      3.0039305E+03
      2136      3.0308792E+03
      2137      3.0224631E+03
      2138      3.0034920E+03
      2139      3.0034761E+03
      2140      3.0239618E+03
      2141      2.9778820E+03
      2142      2.9766362E+03
      2143      3.0373371E+03
      2144      3.0088886E+03
      2145      3.0127528E+03
      2146      3.0470574E+03
      2147      2.9927377E+03
      2148      3.0407746E+03
      2149      2.9743917E+03
      2150      2.9480090E+03
      2151      2.9611279E+03
      2152      2.9958815E+03
      2153      2.9756193E+03
      2154      2.9410569E+03
      2155      3.3388758E+03
      2156      3.2358964E+03
      2157      3.2722713E+03
      2158      3.3568218E+03
      2159      3.2686182E+03
      2160      3.1789821E+03
      2161      3.0707413E+03
      2162      3.1162226E+03
      2163      3.4760594E+03
      2164      2.9474621E+03
      2165      2.3525496E+03
      2166      2.8127468E+03
      2167      3.4425274E+03
      2168      3.0811313E+03
      2169      3.2406825E+03
      2170      3.3811715E+03
      2171      3.7013237E+03
      2172      3.4613065E+03
      2173      2.8912605E+03
      2174      2.4290765E+03
      2175      3.5713281E+03
      2176      3.1581993E+03
      2177      2.9803955E+03
      2178      3.4870013E+03
      2179      4.0279346E+03
      2180      3.6913583E+03
      2181      4.0678546E+03
      2182      4.2533595E+03
      2183      4.1907680E+03
      2184      4.0961806E+03
      2185      3.7849998E+03
      2186      3.8843228E+03
      2187      3.5438749E+03
      2188      3.3691027E+03
      2189      3.9865834E+03
      2190      3.7564506E+03
      2191      3.6915640E+03
      2192      4.0058139E+03
      2193      3.1536673E+03
      2194      2.5955605E+03
      2195      3.3776194E+03
      2196      3.2743372E+03
      2197      2.7676630E+03
      2198      3.0549836E+03
      2199      3.0581254E+03
      2200      2.7162152E+03
      2201      3.0324049E+03
      2202      3.1161277E+03
      2203      2.2171453E+03
      2204      2.3701316E+03
      2205      2.9698840E+03
      2206      2.9413453E+03
      2207      2.9377359E+03
      2208      2.9562929E+03
      2209      2.9777097E+03
      2210      2.9558571E+03
      2211      2.9506090E+03
      2212      2.9646057E+03
      2213      3.7508290E+03
      2214      3.5043260E+03
      2215      3.5047052E+03
      2216      4.4257162E+03
      2217      4.2348130E+03
      2218      3.8639747E+03
      2219      4.8500967E+03
      2220      5.3550148E+03
      2221      1.6001923E+03
      2222      2.4227577E+03
      2223      2.1749380E+03
      2224      1.6773647E+03
      2225      1.8671181E+03
      2226      2.7098825E+03
      2227      2.4396809E+03
      2228      2.9888678E+03
      2229      2.2918174E+03
      2230      3.5097136E+03
      2231      3.4393163E+03
      2232      3.7390659E+03
      2233      3.8217620E+03
      2234      3.8633814E+03
      2235      3.6783647E+03
      2236      3.2360667E+03
      2237      3.3149835E+03
      2238      3.2967616E+03
      2239      3.2657576E+03
      2240      3.3539946E+03
      2241      3.4295086E+03
      2242      3.1717074E+03
      2243      3.2092138E+03
      2244      3.3566839E+03
      2245      3.5016030E+03
      2246      3.6344853E+03
      2247      3.4398814E+03
      2248      3.2476479E+03
      2249      3.2939891E+03
      2250      3.4195333E+03
      2251      3.3372889E+03
      2252      3.2968483E+03
      2253      3.3202397E+03
      2254      3.3953139E+03
      2255      3.4076808E+03
      2256      3.5004195E+03
      2257      3.5234110E+03
      2258      3.1810063E+03
      2259      3.1107035E+03
      2260      3.2144636E+03
      2261      3.1383550E+03
      2262      3.1648414E+03
      2263      3.2412352E+03
      2264      3.1100025E+03
      2265      3.0563918E+03
      2266      3.0776137E+03
      2267      3.1386497E+03
      2268      3.5850041E+03
      2269      3.5261254E+03
      2270      3.2743337E+03
      2271      3.2310048E+03
      2272      3.4390290E+03
      2273      3.3606369E+03
      2274      3.2855464E+03
      2275      3.3483020E+03
      2276      3.2209134E+03
      2277      3.0635885E+03
      2278      3.1865069E+03
      2279      3.1894759E+03
      2280      3.1120009E+03
      2281      3.1483736E+03
      2282      3.5973786E+03
      2283      3.7090664E+03
      2284      3.3883314E+03
      2285      3.5098450E+03
      2286      3.3074309E+03
      2287      3.0041369E+03
      2288      8.3377976E+02
      2289      3.8924072E+03
      2290      3.7259773E+03
      2291      3.7981019E+03
      2292      3.3236604E+03
      2293      3.2980052E+03
      2294      3.3592084E+03
      2295      3.3319139E+03
      2296      2.9968481E+03
      2297      2.7167671E+03
      2298      2.9947299E+03
      2299      3.1980307E+03
      2300      3.0496351E+03
      2301      2.5990192E+03
      2302      2.8901048E+03
      2303      3.2292512E+03
      2304      2.9275280E+03
      2305      2.9157863E+03
      2306      3.0992101E+03
      2307      3.3719086E+03
      2308      2.8857872E+03
      2309      3.0239102E+03
      2310      3.0126611E+03
      2311      2.7937990E+03
      2312      2.9420541E+03
      2313      3.0566977E+03
      2314      2.9155483E+03
      2315      3.0128963E+03
      2316      3.2811936E+03
      2317      3.3649882E+03
      2318      2.9426336E+03
      2319      2.9803421E+03
      2320      3.0576096E+03
      2321      3.0601459E+03
      2322      3.0193320E+03
      2323      3.0315689E+03
      2324      2.9304888E+03
      2325      2.9320990E+03
      2326      2.8958672E+03
      2327      2.9291321E+03
      2328      2.8012177E+03
      2329      3.9080651E+03
      2330      3.8961537E+03
      2331      3.3749070E+03
      2332      3.3111301E+03
      2333      3.6331595E+03
      2334      3.6264949E+03
      2335      4.2790449E+03
      2336      4.1030130E+03
      2337      4.0991815E+03
      2338      4.3934664E+03
      2339      2.9337170E+03
      2340      2.9535107E+03
      2341      2.8543404E+03
      2342      2.8990080E+03
      2343      2.9237296E+03
      2344      2.8882844E+03
      2345      3.0526643E+03
      2346      3.0699282E+03
      2347      3.0005610E+03
      2348      3.0200172E+03
      2349      3.0398767E+03
      2350      3.0618677E+03
      2351      3.0485176E+03
      2352      3.0235043E+03
      2353      3.0490168E+03
      2354      3.0641998E+03
      2355      3.0669883E+03
      2356      3.0711979E+03
      2357      3.0735602E+03
      2358      3.0597703E+03
      2359      3.0219185E+03
      2360      3.0042448E+03
      2361      3.0374580E+03
      2362      3.0321924E+03
      2363      3.0577508E+03
      2364      3.0496622E+03
      2365      2.9614427E+03
      2366      2.9860079E+03
      2367      3.0013554E+03
      2368      2.9797974E+03
      2369      2.9985993E+03
      2370      3.7393306E+03
      2371      3.7902803E+03
      2372      4.0507633E+03
      2373      2.8889587E+03
      2374      2.9139582E+03
      2375      2.9303662E+03
      2376      3.0089127E+03
      2377      2.9111262E+03
      2378      2.8856772E+03
      2379      2.9185452E+03
      2380      2.9529578E+03
      2381      2.9074160E+03
      2382      2.9419247E+03
      2383      2.9508474E+03
      2384      2.9286339E+03
      2385      3.6697189E+03
      2386      3.7443628E+03
      2387      3.7000320E+03
      2388      3.7176249E+03
      2389      3.6872085E+03
      2390      3.6474692E+03
      2391      3.6767682E+03
      2392      3.5096709E+03
      2393      3.5728629E+03
      2394      3.7334718E+03
      2395      3.7460682E+03
      2396      3.6744736E+03
      2397      3.6718102E+03
      2398      8.7354435E+02
      2399      8.3132064E+02
      2400      9.8201015E+02
      2401      1.7302688E+03
      2402      2.9852635E+03
      2403      2.9576584E+03
      2404      3.0786352E+03
      2405      3.0890753E+03
      2406      3.8967474E+03
      2407      3.3078472E+03
      2408      3.0818451E+03
      2409      3.5220142E+03
      2410      2.0022614E+03
      2411      3.1593738E+03
      2412      2.7672929E+03
      2413      2.3572934E+03
      2414      2.8295972E+03
      2415      2.5421031E+03
      2416      1.3539945E+03
      2417      1.5425358E+03
      2418      2.0328448E+03
      2419      2.4164791E+03
      2420      1.7316644E+03
      2421      1.5241606E+03
      2422      1.7675893E+03
      2423      2.0778992E+03
      2424      3.7449664E+03
      2425      4.0908535E+03
      2426      3.9772813E+03
      2427      3.7293177E+03
      2428      3.6300868E+03
      2429      3.6836184E+03
      2430      3.8909055E+03
      2431      4.0512755E+03
      2432      3.7051695E+03
      2433      3.8580480E+03
      2434      4.0050334E+03
      2435      3.7631928E+03
      2436      3.8318300E+03
      2437      3.8480481E+03
      2438      3.9432790E+03
      2439      4.0963088E+03
      2440      3.8851133E+03
      2441      3.9320448E+03
      2442      4.0098125E+03
      2443      3.9105535E+03
      2444      3.7832128E+03
      2445      3.6974521E+03
      2446      4.1030211E+03
      2447      3.9169098E+03
      2448      3.8284888E+03
      2449      4.0165642E+03
      2450      3.7564596E+03
      2451      3.7018007E+03
      2452      3.6131576E+03
      2453      3.6994603E+03
      2454      3.6439406E+03
      2455      3.5642147E+03
      2456      3.7822080E+03
      2457      3.7456377E+03
      2458      3.7347684E+03
      2459      3.7838139E+03
      2460      6.2336751E+02
      2461      5.9153652E+02
      2462      6.3164531E+02
      2463      2.0591745E+03
      2464      2.5294861E+03
      2465      2.9660135E+03
      2466      3.6269849E+03
      2467      2.9762175E+03
      2468      2.3846912E+03
      2469      5.8293831E+02
      2470      5.0846561E+02
      2471      4.4465362E+02
      2472      5.2316871E+02
      2473      3.6052432E+02
      2474      2.8909527E+02
      2475      2.7788600E+03
      2476      3.0794830E+03
      2477      3.2756726E+03
      2478      3.4437982E+03
      2479      3.5702809E+03
      2480      3.8170738E+03
      2481      3.5442404E+03
      2482      3.7358694E+03
      2483      3.3984381E+03
      2484      5.2798296E+03
      2485      5.1117383E+03
      2486      7.2642038E+03
      2487      1.7554341E+03
      2488      6.3119913E+03
      2489      5.6293608E+03
      2490      2.3938437E+03
      2491      3.3647136E+03
      2492      2.9781193E+03
      2493      3.5020725E+03
      2494      2.9989439E+03
      2495      3.1171570E+03
      2496      3.1559244E+03
      2497      3.3314907E+03
      2498      3.1524808E+03
      2499      3.0761527E+03
      2500      2.9194964E+03
      2501      2.9425753E+03
      2502      2.9651359E+03
      2503      3.6564529E+03
      2504      2.6952738E+03
      2505      3.0752436E+03
      2506      4.0534245E+03
      2507      2.6523280E+03
      2508      2.1063348E+03
      2509      2.7264637E+03
      2510      2.1900363E+03
      2511      2.7178564E+03
      2512      3.0811778E+03
      2513      7.8316237E+02
      2514      8.1949404E+02
      2515      8.6486931E+02
      2516      8.4637817E+02
      2517      7.5134681E+02
      2518      7.0782776E+02
      2519      7.5160536E+02
      2520      7.9549411E+02
      2521      7.7032544E+02
      2522      7.3193951E+02
      2523      7.6382827E+02
      2524      6.9499558E+02
      2525      6.7518759E+02
      2526      7.3462274E+02
      2527      7.3968461E+02
      2528      6.5339862E+02
      2529      8.5863332E+02
      2530      8.8011671E+02
      2531      9.3413859E+02
      2532      1.0157764E+03
      2533      1.1018459E+03
      2534      1.0374836E+03
      2535      9.7505554E+02
      2536      9.1106043E+02
      2537      9.2288289E+02
      2538      1.0018782E+03
      2539      1.3444524E+03
      2540      1.5375302E+03
      2541      1.2243006E+03
      2542      1.1215671E+03
      2543      1.2305210E+03
      2544      1.3702558E+03
      2545      1.0872733E+03
      2546      9.1933706E+02
      2547      1.0418892E+03
      2548      1.2482407E+03
      2549      1.6438657E+03
      2550      1.3456306E+03
      2551      1.1268913E+03
      2552      1.3933394E+03
      2553      6.7214116E+02
      2554      6.6342588E+02
      2555      7.8061112E+02
      2556      8.7162087E+02
      2557      1.1822748E+03
      2558      1.0508918E+03
      2559      9.6695932E+02
      2560      9.3878809E+02
      2561      1.1795715E+03
      2562      1.1905114E+03
      2563      1.0536111E+03
      2564      1.0392535E+03
      2565      9.6163566E+02
      2566      9.1332302E+02
      2567      9.0927127E+02
      2568      8.6079316E+02
      2569      8.2051246E+02
      2570      8.6667695E+02
      2571      9.9930468E+02
      2572      9.5751038E+02
      2573      1.0392999E+03
      2574      1.1368370E+03
      2575      1.3831334E+03
      2576      1.2344061E+03
      2577      1.0099693E+03
      2578      8.6363361E+02
      2579      8.2039424E+02
      2580      1.0807820E+03
      2581      1.0176787E+03
      2582      8.4640988E+02
      2583      2.1197810E+03
      2584      1.7542652E+03
      2585      1.4803882E+03
      2586      1.7230538E+03
      2587      7.8980332E+02
      2588      8.0098770E+02
      2589      9.8428277E+02
      2590      8.9389063E+02
      2591      8.8462924E+02
      2592      2.2813428E+03
      2593      1.8289350E+03
      2594      1.3970807E+03
      2595      1.1585812E+03
      2596      1.4745185E+03
      2597      1.9186358E+03
      2598      2.0454765E+03
      2599      1.6257469E+03
      2600      1.4501936E+03
      2601      1.4569910E+03
      2602      1.2407943E+03
      2603      8.6172709E+02
      2604      9.1281195E+02
      2605      1.2437661E+03
      2606      1.5923656E+03
      2607      1.5107881E+03
      2608      1.5583614E+03
      2609      1.5243547E+03
      2610      1.5073266E+03
      2611      1.5440296E+03
      2612      1.7552576E+03
      2613      1.8296836E+03
      2614      1.7707976E+03
      2615      1.6857980E+03
      2616      1.6126890E+03
      2617      1.5570329E+03
      2618      1.6334665E+03
      2619      1.6992579E+03
      2620      1.9496213E+03
      2621      2.0419764E+03
      2622      2.0576040E+03
      2623      2.0111509E+03
      2624      1.8574581E+03
      2625      1.9411200E+03
      2626      1.8623627E+03
      2627      1.7642890E+03
      2628      2.2289672E+03
      2629      2.4294456E+03
      2630      2.2581339E+03
      2631      2.4951457E+03
      2632      2.4551889E+03
      2633      2.2094252E+03
      2634      1.9712430E+03
      2635      2.3144285E+03
      2636      2.1681808E+03
      2637      2.0177771E+03
      2638      9.1630355E+02
      2639      9.5996570E+02
      2640      1.0042785E+03
      2641      1.0457275E+03
      2642      1.0827031E+03
      2643      1.1106132E+03
      2644      1.1266405E+03
      2645      1.1244559E+03
      2646      1.1012689E+03
      2647      1.0530280E+03
      2648      9.7759248E+02
      2649      8.7127474E+02
      2650      7.2680829E+02
      2651      5.4979501E+02
      2652      3.4120371E+02
      2653      1.6640291E+02
      2654      2.9175664E+02
      2655      5.5677753E+02
      2656      8.2589319E+02
      2657      1.0230350E+03
      2658      1.1577755E+03
      2659      9.9522067E+02
      2660      9.2658227E+02
      2661      7.9152188E+02
      2662      8.8706596E+02
      2663      1.0280744E+03
      2664      7.7359471E+02
      2665      9.0785698E+02
      2666      1.0634597E+03
      2667      8.6011524E+02
      2668      9.1382083E+02
      2669      9.6997521E+02
      2670      2.9845292E+03
      2671      2.5126100E+03
      2672      2.8347836E+03
      2673      2.3853116E+03
      2674      2.0668740E+03
      2675      1.7736388E+03
      2676      2.2153193E+03
      2677      2.0785493E+03
      2678      1.0287507E+03
      2679      9.3391046E+02
      2680      8.6284808E+02
      2681      9.2907968E+02
      2682      7.6753025E+02
      2683      5.8224506E+02
      2684      9.3157911E+02
      2685      8.8012699E+02
      2686      8.1486683E+02
      2687      7.6333716E+02
      2688      2.9668108E+03
      2689      3.8469624E+03
      2690      2.7467672E+03
      2691      2.6138100E+03
      2692      2.9612929E+03
      2693      3.2124275E+03
      2694      1.4278833E+03
      2695      1.2042536E+03
      2696      7.0107935E+02
      2697      7.2166593E+02
      2698      8.5328335E+02
      2699      8.7252981E+02
      2700      7.9928492E+02
      2701      7.1632599E+02
      2702      1.1172042E+03
      2703      1.5473097E+03
      2704      7.2186107E+02
      2705      6.7604951E+02
      2706      8.1225408E+02
      2707      7.7441469E+02
      2708      8.1614437E+02
      2709      8.9958641E+02
      2710      1.6272257E+03
      2711      1.7074336E+03
      2712      2.6813626E+03
      2713      2.6150093E+03
      2714      2.1944240E+03
      2715      1.8495258E+03
      2716      1.9292530E+03
      2717      2.0061221E+03
      2718      2.3321143E+03
      2719      2.2562060E+03
      2720      8.3314831E+02
      2721      8.9484876E+02
      2722      7.7883803E+02
      2723      8.5045236E+02
      2724      8.3623794E+02
      2725      8.9209461E+02
      2726      1.1594095E+03
      2727      6.5498704E+02
      2728      4.1467300E+02
      2729      9.9058019E+02
      2730      9.5099956E+02
      2731      6.8389480E+02
      2732      3.6674129E+02
      2733      4.3073595E+02
      2734      7.2307735E+02
      2735      7.9068343E+02
      2736      8.1060559E+02
      2737      7.5796612E+02
      2738      7.2764526E+02
      2739      7.7349595E+02
      2740      6.5416137E+02
      2741      5.2937077E+02
      2742      6.5027583E+02
      2743      6.7641588E+02
      2744      7.4934396E+02
      2745      7.6742553E+02
      2746      8.6881909E+02
      2747      9.8106039E+02
      2748      9.3661324E+02
      2749      8.6699419E+02
      2750      7.8689304E+02
      2751      8.3556616E+02
      2752      7.9138760E+02
      2753      7.9322254E+02
      2754      8.8460714E+02
      2755      1.0014684E+03
      2756      1.0124512E+03
      2757      1.0061117E+03
      2758      8.8835272E+02
      2759      8.9434449E+02
      2760      7.6155636E+02
      2761      7.3390955E+02
      2762      8.0383689E+02
      2763      9.1131349E+02
      2764      9.4670202E+02
      2765      9.7928483E+02
      2766      8.6386353E+02
      2767      8.3587339E+02
      2768      6.7613152E+02
      2769      6.4863553E+02
      2770      7.0421953E+02
      2771      7.9697912E+02
      2772      8.3483700E+02
      2773      8.7284441E+02
      2774      7.7123512E+02
      2775      7.3817402E+02
      2776      5.8801316E+02
      2777      5.5949130E+02
      2778      6.0668382E+02
      2779      6.9038382E+02
      2780      7.2469776E+02
      2781      7.6037016E+02
      2782      6.7115866E+02
      2783      6.3833502E+02
      2784      5.0982126E+02
      2785      4.8754924E+02
      2786      5.0303894E+02
      2787      5.7066038E+02
      2788      6.1619444E+02
      2789      6.5492843E+02
      2790      5.7519457E+02
      2791      5.4112972E+02
      2792      4.5022993E+02
      2793      4.4780802E+02
      2794      3.8262467E+02
      2795      3.6381832E+02
      2796      4.4577862E+02
      2797      5.1431885E+02
      2798      4.6000528E+02
      2799      4.1722715E+02
      2800      5.0315432E+02
      2801      5.6532355E+02
      2802      4.5282926E+02
      2803      2.3920098E+02
      2804      2.1379192E+02
      2805      2.7768751E+02
      2806      3.7038164E+02
      2807      3.9866686E+02
      2808      5.2687161E+02
      2809      6.3324467E+02
      2810      5.1551241E+02
      2811      3.5831906E+02
      2812      3.7249474E+02
      2813      3.3411347E+02
      2814      3.1382991E+02
      2815      3.2477633E+02
      2816      3.4395274E+02
      2817      3.3096619E+02
      2818      3.2899003E+02
      2819      2.9976544E+02
      2820      2.6544590E+02
      2821      4.2284662E+02
      2822      4.0864996E+02
      2823      4.4215162E+02
      2824      3.2008402E+02
      2825      3.2327018E+02
      2826      3.0806467E+02
      2827      3.1565483E+02
      2828      3.1737643E+02
      2829      3.1357054E+02
      2830      3.1005252E+02
      2831      3.1305547E+02
      2832      3.0616387E+02
      2833      3.1116924E+02
      2834      3.1402448E+02
      2835      3.0915337E+02
      2836      3.1011297E+02
      2837      3.1094400E+02
      2838      3.0820201E+02
      2839      3.2739030E+02
      2840      3.4939076E+02
      2841      3.1539582E+02
      2842      3.1354036E+02
      2843      3.5457938E+02
      2844      3.3579040E+02
      2845      3.2080324E+02
      2846      3.2578417E+02
      2847      3.5025459E+02
      2848      3.6672365E+02
      2849      3.3653873E+02
      2850      3.4059143E+02
      2851      3.7010303E+02
      2852      3.1869170E+02
      2853      3.4537971E+02
      2854      3.4439091E+02
      2855      3.4821971E+02
      2856      3.5088049E+02
      2857      3.8621192E+02
      2858      4.6559474E+02
      2859      4.7012807E+02
      2860      4.2544126E+02
      2861      4.4295600E+02
      2862      6.2146337E+02
      2863      7.5200732E+02
      2864      7.8779420E+02
      2865      6.2411557E+02
      2866      7.1903345E+02
      2867      1.1394733E+03
      2868      9.0080824E+02
      2869      4.0450350E+02
      2870      3.7191106E+02
      2871      3.4076867E+02
      2872      3.6272061E+02
      2873      3.8347522E+02
      2874      3.0707070E+02
      2875      3.0164488E+02
      2876      3.6583371E+02
      2877      3.4455235E+02
      2878      3.1979394E+02
      2879      3.0945147E+02
      2880      3.1584943E+02
      2881      3.2632767E+02
      2882      3.4660602E+02
      2883      3.2911571E+02
      2884      3.3765621E+02
      2885      3.9092471E+02
      2886      3.8245001E+02
      2887      3.5336000E+02
      2888      3.2881846E+02
      2889      3.1368504E+02
      2890      3.2500811E+02
      2891      3.5205502E+02
      2892      3.4434458E+02
      2893      3.6093857E+02
      2894      3.4884263E+02
      2895      3.2404933E+02
      2896      3.1766774E+02
      2897      3.1577858E+02
      2898      3.2561892E+02
      2899      3.3504845E+02
      2900      4.0442531E+02
      2901      4.3226900E+02
      2902      4.0968295E+02
      2903      3.7601123E+02
      2904      3.6101535E+02
      2905      3.3911628E+02
      2906      3.6754939E+02
      2907      3.8616782E+02
      2908      4.9234361E+02
      2909      5.4111220E+02
      2910      5.9088090E+02
      2911      5.6039134E+02
      2912      4.8679884E+02
      2913      4.1550126E+02
      2914      4.4688315E+02
      2915      5.0898734E+02
      2916      7.3470088E+02
      2917      8.7035652E+02
      2918      1.0111503E+03
      2919      1.0064699E+03
      2920      8.0610743E+02
      2921      6.6109195E+02
      2922      7.0176325E+02
      2923      8.4744910E+02
      2924      1.1418829E+03
      2925      1.2892398E+03
      2926      1.4534394E+03
      2927      1.2229670E+03
      2928      1.1633685E+03
      2929      1.1398760E+03
      2930      1.2966895E+03
      2931      1.5071007E+03
      2932      1.6066822E+03
      2933      6.9684376E+02
      2934      1.4825386E+03
      2935      1.3753830E+03
      2936      1.0799128E+03
      2937      7.7521525E+02
      2938      5.6563043E+02
      2939      5.5189849E+02
      2940      5.1564664E+02
      2941      4.4010517E+02
      2942      4.0855759E+02
      2943      4.4745716E+02
      2944      5.1020670E+02
      2945      5.3044968E+02
      2946      4.8049559E+02
      2947      6.0943165E+02
      2948      5.7615699E+02
      2949      4.3721571E+02
      2950      4.1887482E+02
      2951      3.6283107E+02
      2952      3.4583749E+02
      2953      3.8549465E+02
      2954      4.0543866E+02
      2955      3.8227130E+02
      2956      3.6030784E+02
      2957      3.2008345E+02
      2958      3.2225139E+02
      2959      3.9671957E+02
      2960      4.0414623E+02
      2961      3.7168286E+02
      2962      3.4089416E+02
      2963      3.3648906E+02
      2964      3.3673772E+02
      2965      3.5717669E+02
      2966      3.6457716E+02
      2967      3.2331181E+02
      2968      3.2421739E+02
      2969      4.2600907E+02
      2970      4.2990603E+02
      2971      3.4961679E+02
      2972      3.4667518E+02
      2973      3.7726069E+02
      2974      3.8033787E+02
      2975      1.2791156E+03
      2976      1.0866636E+03
      2977      1.2320273E+03
      2978      1.4661904E+03
      2979      1.4052432E+03
      2980      1.1850895E+03
      2981      1.1955013E+03
      2982      1.0094186E+03
      2983      8.2842917E+02
      2984      7.7589122E+02
      2985      8.5506903E+02
      2986      9.6848706E+02
      2987      1.1103185E+03
      2988      9.4353991E+02
      2989      8.9715432E+02
      2990      9.0950423E+02
      2991      5.7277983E+02
      2992      6.9253672E+02
      2993      7.6892854E+02
      2994      8.4013204E+02
      2995      7.0940749E+02
      2996      6.3995579E+02
      2997      4.5953690E+02
      2998      4.7812293E+02
      2999      5.8656402E+02
      3000      7.0595032E+02
      3001      5.1766181E+02
      3002      4.7977986E+02
      3003      5.3541152E+02
      3004      6.1738941E+02
      3005      4.7254928E+02
      3006      4.2912946E+02
      3007      4.2001477E+02
      3008      4.5706321E+02
      3009      4.5631986E+02
      3010      4.6215919E+02
      3011      4.3153938E+02
      3012      4.4726252E+02
      3013      5.3976977E+02
      3014      4.7263207E+02
      3015      4.9100216E+02
      3016      5.1536830E+02
      3017      4.5310779E+02
      3018      4.3884245E+02
      3019      6.1166010E+02
      3020      5.2599371E+02
      3021      5.6415944E+02
      3022      5.8903988E+02
      3023      5.0452700E+02
      3024      4.8936696E+02
      3025      4.2411405E+02
      3026      4.7542421E+02
      3027      5.5987465E+02
      3028      5.8093929E+02
      3029      5.8460142E+02
      3030      5.2217603E+02
      3031      4.7369935E+02
      3032      4.4652134E+02
      3033      4.9802892E+02
      3034      5.2412515E+02
      3035      6.5807721E+02
      3036      6.6918221E+02
      3037      6.7518859E+02
      3038      6.4834847E+02
      3039      5.7765029E+02
      3040      5.3303796E+02
      3041      5.9139135E+02
      3042      6.1314508E+02
      3043      7.6558768E+02
      3044      8.6178352E+02
      3045      9.8816761E+02
      3046      1.0029910E+03
      3047      8.7846481E+02
      3048      7.5581046E+02
      3049      7.6834709E+02
      3050      8.7861146E+02
      3051      1.0898723E+03
      3052      1.2156834E+03
      3053      1.3338249E+03
      3054      1.3522471E+03
      3055      1.2483370E+03
      3056      1.1323861E+03
      3057      1.1080746E+03
      3058      1.2239347E+03
      3059      1.5117758E+03
      3060      1.8910087E+03
      3061      2.9829168E+03
      3062      3.0247022E+03
      3063      1.7406066E+03
      3064      1.4759735E+03
      3065      1.4596839E+03
      3066      1.7854893E+03
      3067      2.8399667E+03
      3068      2.3870312E+03
      3069      7.9415944E+02
      3070      6.8222274E+02
      3071      6.2217091E+02
      3072      6.5720523E+02
      3073      7.1376103E+02
      3074      1.0639881E+03
      3075      8.7552206E+02
      3076      8.9750917E+02
      3077      1.0787018E+03
      3078      1.0556861E+03
      3079      1.0281260E+03
      3080      5.4498530E+02
      3081      5.8861247E+02
      3082      7.2242207E+02
      3083      8.3075472E+02
      3084      7.8068333E+02
      3085      7.3845137E+02
      3086      6.2844875E+02
      3087      6.7613791E+02
      3088      9.4060676E+02
      3089      9.1107406E+02
      3090      1.4471068E+03
      3091      1.3958482E+03
      3092      1.0721771E+03
      3093      1.0491344E+03
      3094      1.2204932E+03
      3095      1.2189875E+03
      3096      1.6212555E+03
      3097      1.7543474E+03
      3098      2.1317963E+03
      3099      2.0375421E+03
      3100      3.1512801E+03
      3101      2.9696597E+03
      3102      3.0995694E+03
      3103      1.3549373E+03
      3104      1.1011505E+03
      3105      9.5183005E+02
      3106      1.0511795E+03
      3107      7.1805450E+02
      3108      6.7563166E+02
      3109      6.0869984E+02
      3110      6.8848237E+02
      3111      7.1431025E+02
      3112      6.4717633E+02
      3113      6.2859410E+02
      3114      7.0582082E+02
      3115      7.7198993E+02
      3116      6.8725471E+02
      3117      7.4077967E+02
      3118      7.5228946E+02
      3119      7.0487442E+02
      3120      7.2824431E+02
      3121      7.3393066E+02
      3122      7.0329220E+02
      3123      7.9985131E+02
      3124      8.2925864E+02
      3125      5.1661142E+02
      3126      5.6852833E+02
      3127      4.7134480E+02
      3128      5.2219714E+02
      3129      4.8309270E+02
      3130      4.3710272E+02
      3131      7.1764590E+02
      3132      6.8045980E+02
      3133      5.9247623E+02
      3134      6.5046297E+02
      3135      6.1338536E+02
      3136      5.5849407E+02
      3137      5.1206923E+02
      3138      4.8142632E+02
      3139      6.6795522E+02
      3140      5.8360577E+02
      3141      5.5483409E+02
      3142      6.3989943E+02
      3143      3.7442332E+02
      3144      4.1623461E+02
      3145      4.4874980E+02
      3146      3.9930441E+02
      3147      3.7714825E+02
      3148      3.6786233E+02
      3149      3.5000916E+02
      3150      3.3514480E+02
      3151      3.3214746E+02
      3152      3.3067991E+02
      3153      3.5103619E+02
      3154      3.5299836E+02
      3155      3.9528848E+02
      3156      3.4927981E+02
      3157      3.4243389E+02
      3158      4.2370996E+02
      3159      3.9239001E+02
      3160      3.1313225E+02
      3161      3.1461997E+02
      3162      3.0823452E+02
      3163      3.1349801E+02
      3164      3.1075875E+02
      3165      3.1055636E+02
      3166      3.1231293E+02
      3167      3.1479694E+02
      3168      3.1129155E+02
      3169      3.0773876E+02
      3170      3.0917118E+02
      3171      3.1377337E+02
      3172      3.1148568E+02
      3173      3.0807280E+02
      3174      3.2749412E+02
      3175      2.8900355E+02
      3176      3.0035700E+02
      3177      3.1548250E+02
      3178      3.1314687E+02
      3179      3.1960754E+02
      3180      3.2083298E+02
      3181      3.2201472E+02
      3182      7.7258297E+02
      3183      1.0357939E+03
      3184      1.0123270E+03
      3185      8.0284031E+02
      3186      9.1722467E+02
      3187      9.0683143E+02
      3188      8.7117946E+02
      3189      7.6566336E+02
      3190      7.9108887E+02
      3191      1.3454106E+03
      3192      1.1515883E+03
      3193      1.2113865E+03
      3194      1.3697729E+03
      3195      1.0520266E+03
      3196      8.2518377E+02
      3197      8.7418461E+02
      3198      8.1407552E+02
