         1      2.3446999E-06
         2      9.3326470E-07
         3      1.2722670E-03
         4      1.0715003E+00
         5      2.1969796E+01
         6      1.2094000E+02
         7      3.3255468E+02
         8      6.6450356E+02
         9      1.0453911E+03
        10      1.3808826E+03
        11      1.6400092E+03
        12      1.7942625E+03
        13      1.8565427E+03
        14      1.8661426E+03
        15      1.8343402E+03
        16      1.7746859E+03
        17      6.1507512E-07
        18      5.0567294E-07
        19      4.4814441E-07
        20      4.3659627E-07
        21      4.3723454E-07
        22      4.6173095E-07
        23      4.7788817E-07
        24      6.7181507E-07
        25      6.7688375E-07
        26      5.6746396E-07
        27      4.8819230E-07
        28      3.1344267E-07
        29      1.8029117E-07
        30      5.5913502E-08
        31      9.8331597E-08
        32      1.9706896E-07
        33      2.8052829E-07
        34      3.4662039E-07
        35      3.9775829E-07
        36      4.3723612E-07
        37      4.6866670E-07
        38      4.9521032E-07
        39      1.2852958E-06
        40      1.0108305E-06
        41      8.8228740E-07
        42      8.0475464E-07
        43      7.4819802E-07
        44      7.0406104E-07
        45      6.6742466E-07
        46      2.1544469E-06
        47      5.4949949E-04
        48      5.2734764E-01
        49      1.7389370E+01
        50      1.1533575E+02
        51      3.9797969E+02
        52      8.1791464E+02
        53      1.2038321E+03
        54      1.5167031E+03
        55      1.7450038E+03
        56      1.8784967E+03
        57      1.9442048E+03
        58      1.9629492E+03
        59      1.9487248E+03
        60      1.9134119E+03
        61      2.0716882E-06
        62      1.8592763E-06
        63      1.8290874E-06
        64      1.5863352E-06
        65      1.4722477E-06
        66      1.3305909E-06
        67      1.2360804E-06
        68      1.1620354E-06
        69      1.1071536E-06
        70      4.0034817E+03
        71      4.3154923E+03
        72      4.5440856E+03
        73      4.6458859E+03
        74      4.5917310E+03
        75      4.3688253E+03
        76      4.0251241E+03
        77      3.6168270E+03
        78      3.1952302E+03
        79      2.8102443E+03
        80      2.5134777E+03
        81      2.3972999E+03
        82      2.4673150E+03
        83      2.6870236E+03
        84      2.9948894E+03
        85      9.2886423E+02
        86      2.3307015E+01
        87      2.9055432E-04
        88      2.0361368E-06
        89      1.8689965E-06
        90      1.6621887E-06
        91      1.4221507E-06
        92      1.2148722E-06
        93      1.0393665E-06
        94      8.9835175E-07
        95      7.7568827E-07
        96      6.5849182E-07
        97      5.5267483E-07
        98      4.2470235E-07
        99      3.0156994E-07
       100      1.9798714E-06
       101      2.3501761E-06
       102      2.7332491E-06
       103      9.3300366E-03
       104      8.8479223E+01
       105      1.4757593E+03
       106      2.9354128E+03
       107      3.1424966E+03
       108      3.1392035E+03
       109      3.0254029E+03
       110      2.9220442E+03
       111      2.7137239E+03
       112      2.4880484E+03
       113      2.2652496E+03
       114      2.1474397E+03
       115      1.0313855E-06
       116      2.8543952E-06
       117      1.4124501E-06
       118      1.6718665E-06
       119      1.6644050E-06
       120      1.5662886E-06
       121      3.1477911E-06
       122      3.6118313E-06
       123      1.4780802E-02
       124      6.8271990E-06
       125      3.4266398E-05
       126      1.7602686E-04
       127      7.1092646E-04
       128      1.7029452E-03
       129      2.2123853E-03
       130      3.5362477E-03
       131      4.6925441E-03
       132      6.7367451E-03
       133      1.1365078E-02
       134      1.6338861E-02
       135      2.1766809E-02
       136      3.0548231E-02
       137      2.0946060E-02
       138      6.3363860E-06
       139      9.2207959E-03
       140      3.4827343E-04
       141      3.4816622E-06
       142      1.0503549E-06
       143      1.9037168E-06
       144      1.9134271E-06
       145      2.1737262E-06
       146      3.6961024E-06
       147      6.3336637E-06
       148      6.7733533E-06
       149      7.0873820E-03
       150      2.1983988E-02
       151      3.5012885E-02
       152      8.7965065E-02
       153      1.3214864E-01
       154      2.0131108E-01
       155      2.1422242E-01
       156      2.8360416E-01
       157      1.4607348E-01
       158      1.1289608E-01
       159      6.9728956E-02
       160      3.3717898E-02
       161      2.2371155E-03
       162      5.4390006E-05
       163      1.4425425E-07
       164      4.1397073E-06
       165      3.1754816E-06
       166      2.0827333E-06
       167      1.3280541E-06
       168      5.6630752E-07
       169      2.2573230E-07
       170      1.8270000E-07
       171      2.2905625E-07
       172      2.7449585E-07
       173      3.1355177E-07
       174      3.5089675E-07
       175      3.8204068E-07
       176      4.1052648E-07
       177      4.3633147E-07
       178      4.6234914E-07
       179      4.9063131E-07
       180      5.2386462E-07
       181      5.6529746E-07
       182      6.3002073E-07
       183      7.6609627E-07
       184      1.4046620E-06
       185      5.6682792E-07
       186      6.6012731E-07
       187      1.0596276E-06
       188      7.5928909E-07
       189      5.6401254E-07
       190      1.2532845E-06
       191      2.4165898E+02
       192      1.8764053E-06
       193      5.7517337E-07
       194      6.2600624E-07
       195      4.1362946E-07
       196      7.0348193E-07
       197      1.1731821E-06
       198      2.5318525E+03
       199      2.0726893E+03
       200      1.9912336E+03
       201      2.2957935E+03
       202      2.3161347E+03
       203      1.1908245E+03
       204      2.1132902E-07
       205      2.4437090E-07
       206      1.9986497E+03
       207      2.0115304E+03
       208      2.2543081E+03
       209      1.1183370E+03
       210      2.3001313E+03
       211      2.2512314E+03
       212      1.3580575E+03
       213      2.1735379E+03
       214      1.9125826E+03
       215      2.0715881E+03
       216      2.0832514E+03
       217      1.9329762E+03
       218      3.4633393E-05
       219      2.4357563E+03
       220      1.9653084E+03
       221      1.9045266E+03
       222      1.8802179E+03
       223      1.4964833E+03
       224      2.2862688E+03
       225      2.2619391E+03
       226      1.3676198E+03
       227      2.0086978E+03
       228      1.9745891E+03
       229      2.0373383E+03
       230      2.1206745E+03
       231      2.0314711E+03
       232      2.0386483E+03
       233      2.2063497E+03
       234      1.4783025E+03
       235      2.0635007E+03
       236      2.0323454E+03
       237      1.9928521E+03
       238      1.8959091E+02
       239      1.7008723E+03
       240      2.0732204E+03
       241      1.1232087E+03
       242      4.6015170E-06
       243      6.6379007E-07
       244      2.1991359E+03
       245      2.2443959E+03
       246      2.2150569E+03
       247      3.6372120E-07
       248      2.4812030E+03
       249      2.6157534E+03
       250      2.0184366E+03
       251      2.1693858E+03
       252      2.1017765E+03
       253      1.5585036E-02
       254      2.1782673E+03
       255      2.3521047E+03
       256      2.0879355E+03
       257      2.1711671E+03
       258      5.8927385E-07
       259      2.1081566E+03
       260      3.3676397E-02
       261      4.4440425E-07
       262      2.1482611E+03
       263      2.3350643E+03
       264      1.2315823E+03
       265      2.1039922E+03
       266      2.3389003E+03
       267      4.2243679E-07
       268      3.1532943E-07
       269      4.9585010E-07
       270      2.1017275E+03
       271      1.2425963E+03
       272      5.3344402E-07
       273      2.1156061E+03
       274      2.3484534E+03
       275      2.6369568E+03
       276      2.3841802E+03
       277      8.4993811E-07
       278      3.1116021E-07
       279      1.7124436E-06
       280      5.9087284E-07
       281      8.8971164E-07
       282      2.1982812E+03
       283      2.1697903E+03
       284      2.5139745E+03
       285      2.3688794E+03
       286      4.8142999E-07
       287      2.3873687E+03
       288      5.3247527E-07
       289      2.2527439E+03
       290      2.5182533E+03
       291      2.4159284E+03
       292      2.1858589E+03
       293      3.0045109E-07
       294      2.1823565E+03
       295      5.8284802E-07
       296      2.2048330E+03
       297      2.1863526E+03
       298      2.5240117E+03
       299      2.3166299E+03
       300      2.3786953E+03
       301      2.5451805E-07
       302      2.9115533E+03
       303      2.6471697E+03
       304      2.5992642E+03
       305      2.2717410E+03
       306      2.3171151E+03
       307      2.3885479E+03
       308      5.7056810E-07
       309      1.8246780E+03
       310      5.2533222E-03
       311      4.6984969E-06
       312      2.9443224E-06
       313      3.2230074E-06
       314      7.0243584E-06
       315      1.8301007E+03
       316      2.1081493E+03
       317      2.2090383E-07
       318      2.0669958E-07
       319      2.1137131E-07
       320      2.1936873E-07
       321      2.6350400E-07
       322      1.0488643E-06
       323      1.6713888E-06
       324      2.0320032E+03
       325      2.3561187E+03
       326      2.8319917E+03
       327      2.9576188E+03
       328      3.0271201E+03
       329      3.3453724E+03
       330      2.7634603E+03
       331      3.1426514E-07
       332      8.1090812E-07
       333      5.1568796E-07
       334      3.9515650E-07
       335      9.6679412E-07
       336      1.1277623E-05
       337      5.9270433E+02
       338      2.6311100E+03
       339      5.2536047E-07
       340      4.2078969E-07
       341      4.8159569E-07
       342      6.5492137E-07
       343      1.6105181E-06
       344      1.6274447E+03
       345      1.6161894E+01
       346      6.9838879E-01
       347      1.6946566E+03
       348      2.6631323E+03
       349      1.6294080E+03
       350      1.4079557E+03
       351      1.9015099E+03
       352      2.0582300E+03
       353      1.4971910E+03
       354      2.0356455E+03
       355      2.2063574E+03
       356      1.8942171E+03
       357      1.7874819E+03
       358      1.7339032E+03
       359      1.3402044E+03
       360      1.7954213E+02
       361      2.2194011E+03
       362      6.4541984E+02
       363      8.1094684E+01
       364      1.5530124E+03
       365      1.1667389E+03
       366      2.1202822E-07
       367      2.4901702E-07
       368      4.5659372E+02
       369      4.7510503E+02
       370      4.4256298E+02
       371      4.6229359E+02
       372      5.5069389E+02
       373      6.1815409E+02
       374      5.8557251E+02
       375      4.8262189E+02
       376      4.4057420E+02
       377      4.8230893E+02
       378      6.8724591E+02
       379      8.1072313E+02
       380      6.5508234E+02
       381      5.4076836E+02
       382      5.1609707E+02
       383      4.2018340E+02
       384      1.8927690E+02
       385      4.4824639E+02
       386      6.8003508E+02
       387      9.3382362E+02
       388      4.9893302E+02
       389      2.8782070E+02
       390      2.3057978E+03
       391      1.8983011E-06
       392      1.3157258E+03
       393      2.1141146E+03
       394      2.2456816E+03
       395      5.8212444E-07
       396      2.6949328E-07
       397      9.4395253E+02
       398      1.9123435E+03
       399      7.0131873E+02
       400      2.2034527E-07
       401      1.0367166E+03
       402      6.5493986E+02
       403      1.1179426E+03
       404      1.2485618E+02
       405      1.4298980E+01
       406      1.8021124E+01
       407      2.2177299E+03
       408      2.9740562E-07
       409      2.4751313E-07
       410      6.0789966E-07
       411      9.2665783E-07
       412      2.2309621E+02
       413      4.9739808E-07
       414      3.1759807E-07
       415      3.4183446E+02
       416      7.7826842E+01
       417      1.0389402E+03
       418      2.9916864E+01
       419      2.1273768E-07
       420      3.8781523E+02
       421      3.7763261E+00
       422      6.5962364E+00
       423      9.6638265E+00
       424      1.2446893E+01
       425      1.5881889E+01
       426      1.9695798E+01
       427      2.1200884E+01
       428      1.9957272E+01
       429      1.6977965E+01
       430      1.7668902E+01
       431      2.4651154E+01
       432      2.9249311E+01
       433      1.5199450E+01
       434      3.1201903E+01
       435      3.6390985E+01
       436      4.5168225E+01
       437      4.5395324E+01
       438      4.9967811E+01
       439      5.3012858E+01
       440      5.4017368E+01
       441      6.9154257E+01
       442      4.3761483E+01
       443      1.7482190E+01
       444      3.3575837E+00
       445      5.3618213E-01
       446      1.3717493E-01
       447      3.5706807E-07
       448      1.2646552E+03
       449      1.7307035E+03
       450      6.7455003E-02
       451      6.2217886E-07
       452      4.2020414E-07
       453      1.6316216E+02
       454      1.1541044E+00
       455      2.7759066E-06
       456      5.5091157E+02
       457      3.6366914E-07
       458      1.8076846E+02
       459      1.1272897E+01
       460      4.3873688E+02
       461      1.8445331E+01
       462      2.9226086E-05
       463      3.2796008E-06
       464      2.0707376E-06
       465      2.1777307E-06
       466      3.8554261E-06
       467      5.6554272E-06
       468      9.9468332E+00
       469      2.5960395E-07
       470      2.2978078E-07
       471      7.2426122E-07
       472      3.1281646E+01
       473      5.4706961E+02
       474      1.5812432E-02
       475      6.3946625E-07
       476      1.3684501E+00
       477      8.3244342E-02
       478      2.8323116E+01
       479      4.2387609E-01
       480      1.5315556E+02
       481      5.7605654E+01
       482      6.4761519E+00
       483      7.3752876E-05
       484      1.5575031E-06
       485      3.0004979E-06
       486      6.2932770E-06
       487      7.9553262E-04
       488      1.0666970E-02
       489      5.6138064E-07
       490      2.1773760E-07
       491      4.8035497E+01
       492      9.0636680E-01
       493      2.5477907E-07
       494      2.9684939E-07
       495      3.4765374E-07
       496      8.3504820E-07
       497      1.1306562E-06
       498      1.7022317E-06
       499      3.6883925E-04
       500      1.9534858E-01
       501      6.9353654E+00
       502      1.7807944E-02
       503      7.3186653E-06
       504      1.2583903E-06
       505      1.0130057E-06
       506      5.3330749E-07
       507      1.8999777E-07
       508      8.7081276E-08
       509      6.3521629E-07
       510      2.4659393E-07
       511      2.6749065E-07
       512      1.5217482E-07
       513      2.0013432E-07
       514      2.8679491E-07
       515      3.1077161E-07
       516      3.3331083E-07
       517      3.6108281E-07
       518      3.8435160E-07
       519      4.0224420E-07
       520      4.0428312E-07
       521      4.0743461E-07
       522      4.5082741E-07
       523      5.0462369E-07
       524      1.0290032E-06
       525      1.3317036E-06
       526      1.7193272E-06
       527      2.8527931E-06
       528      7.8233581E-05
       529      4.4278637E-04
       530      1.7752114E-06
       531      1.0171798E-06
       532      4.9586632E-07
       533      1.9055336E-07
       534      2.3583201E-07
       535      2.6942751E-07
       536      2.9290549E-07
       537      3.1467406E-07
       538      3.4118676E-07
       539      3.7038149E-07
       540      3.9721523E-07
       541      4.2134156E-07
       542      4.5360110E-07
       543      4.8575513E-07
       544      5.2561607E-07
       545      5.8063052E-07
       546      6.6500337E-07
       547      8.0933696E-07
       548      1.5009860E-02
       549      2.9100097E-01
       550      1.9611517E-07
       551      1.3693110E-07
       552      5.4532811E-06
       553      2.9708418E-06
       554      2.3092575E-06
       555      1.4551045E-06
       556      8.6492020E-02
       557      2.8464658E+01
       558      6.2014049E-07
       559      1.0193382E-06
       560      2.8974427E+03
       561      2.7767873E+03
       562      1.7452640E-01
       563      4.3729661E+02
       564      1.1994099E+02
       565      2.3825020E-06
       566      1.7525717E+03
       567      2.7627467E-07
       568      3.6759125E-07
       569      2.0219013E-07
       570      1.7142068E-07
       571      2.7917246E-07
       572      5.9648226E-07
       573      1.0154860E-06
       574      1.2922264E-06
       575      5.6737561E-04
       576      3.0305942E+00
       577      2.8130223E+02
       578      2.0023257E+03
       579      1.4403181E+03
       580      1.6980706E+03
       581      1.4223274E+03
       582      1.4426895E+00
       583      3.5378015E-05
       584      3.7710828E-06
       585      1.9948425E-06
       586      2.9691927E-06
       587      4.2778592E-06
       588      4.7728875E-06
       589      1.8957797E+01
       590      4.1233162E+02
       591      2.2652694E+03
       592      1.6129593E+03
       593      1.7164988E+03
       594      1.4484383E+01
       595      1.0183495E-01
       596      8.9505391E-07
       597      7.9001619E-07
       598      5.2637305E-07
       599      3.7144397E-07
       600      3.2968754E-07
       601      3.2980431E-07
       602      2.5114134E-07
       603      3.1292158E-07
       604      4.6579718E-07
       605      8.1133648E-07
       606      2.6150954E-04
       607      3.4269024E+00
       608      1.3016031E+02
       609      7.4958710E+02
       610      1.6498328E+03
       611      2.0930861E+03
       612      2.2090385E+03
       613      2.1972845E+03
       614      2.1349998E+03
       615      1.3573531E+03
       616      2.1910800E+03
       617      2.5030279E+03
       618      2.0210091E+03
       619      1.7676705E+03
       620      2.9485355E+01
       621      8.9340220E-07
       622      1.0270738E-06
       623      2.1429517E-07
       624      2.5535898E+03
       625      2.0597492E+03
       626      2.0912022E-07
       627      2.2050505E+03
       628      2.1900018E+03
       629      2.1540599E-07
       630      9.3038690E-07
       631      7.2292470E-07
       632      2.2633686E+03
       633      3.1320359E-07
       634      2.5887891E-07
       635      9.1796699E-07
       636      9.5089876E-07
       637      9.9257035E+01
       638      2.3755522E+03
       639      2.3137271E+03
       640      2.2591328E+03
       641      2.2199536E+03
       642      1.9823341E+03
       643      2.8601457E+01
       644      3.9706443E-06
       645      3.9389948E-06
       646      4.6756575E-06
       647      5.9324326E+01
       648      2.0792104E+03
       649      2.1450418E+03
       650      2.1571136E+03
       651      2.0972096E+03
       652      3.0904061E-07
       653      4.1266401E-07
       654      6.7140316E-07
       655      9.9459773E-07
       656      2.4797682E+03
       657      2.1796582E+03
       658      2.1570881E-07
       659      2.1626604E+03
       660      2.4880084E+03
       661      3.8915488E-07
       662      4.6734219E-07
       663      7.1100040E-07
       664      1.2271276E-06
       665      1.4596359E-06
       666      2.5780060E+03
       667      2.6100172E+03
       668      2.4917036E+03
       669      2.2289561E+03
       670      2.1689815E+03
       671      2.0576701E+03
       672      2.1715325E+03
       673      2.1160398E+03
       674      2.8283999E-07
       675      2.1482565E+03
       676      2.1907271E+03
       677      2.1334743E+03
       678      1.7222246E+02
       679      2.0865562E+03
       680      2.0816054E+03
       681      2.1071569E+03
       682      2.0890760E+03
       683      2.4376902E+03
       684      2.0870453E-06
       685      2.2852691E+03
       686      9.8681681E-07
       687      3.6211495E-07
       688      2.0293139E+03
       689      2.0295259E+03
       690      3.3937158E-07
       691      4.2452528E-07
       692      4.6994771E-07
       693      6.4207805E-07
       694      8.9736641E-07
       695      1.2630547E+03
       696      2.5267029E+03
       697      2.4697357E+03
       698      8.4140083E-07
       699      1.2289265E-06
       700      6.2833345E-07
       701      4.2389661E-07
       702      2.0531397E+03
       703      2.0533315E+03
       704      2.0337852E+03
       705      1.7729675E-07
       706      6.6571950E-08
       707      1.7335678E-07
       708      3.2418716E-07
       709      4.8046417E-07
       710      6.4822727E-07
       711      8.1698747E-07
       712      1.0293797E-06
       713      1.2818145E-06
       714      1.5648248E-06
       715      1.8022594E-06
       716      1.8733259E-06
       717      1.9994014E-01
       718      2.0086346E+02
       719      1.4734459E+03
       720      2.5858570E+03
       721      2.6045753E+03
       722      2.4886146E+03
       723      2.3404282E+03
       724      2.2088713E+03
       725      2.1647627E+03
       726      2.2513067E+03
       727      2.4701204E+03
       728      2.7909955E+03
       729      2.1990006E+03
       730      2.3917075E+03
       731      2.5989758E+03
       732      2.7316974E+03
       733      2.6458753E+03
       734      2.0154849E+03
       735      6.2771508E+02
       736      7.5858869E+00
       737      8.0598663E-06
       738      1.3438184E-06
       739      1.6481370E-06
       740      1.6058898E-06
       741      1.4588629E-06
       742      1.2820670E-06
       743      1.1133233E-06
       744      9.6321861E-07
       745      8.2916087E-07
       746      7.0626756E-07
       747      5.8540368E-07
       748      4.5166391E-07
       749      3.0465801E-07
       750      1.6501654E-07
       751      3.3398608E+03
       752      3.6695883E+03
       753      3.9607618E+03
       754      4.1841734E+03
       755      4.3226412E+03
       756      4.2472642E+03
       757      4.1336813E+03
       758      3.8939376E+03
       759      3.5557285E+03
       760      3.1578969E+03
       761      2.6885087E+03
       762      1.2773984E+03
       763      6.7175435E+01
       764      6.8315704E-03
       765      1.4197623E-06
       766      1.4562911E-06
       767      1.2167933E-06
       768      8.9041441E-07
       769      5.2809302E-07
       770      2.2761837E-07
       771      1.0577387E-06
       772      1.0233260E-06
       773      9.9855952E-07
       774      9.9754826E-07
       775      1.8655699E+03
       776      1.8052452E+03
       777      9.8816222E-07
       778      9.7349184E-07
       779      9.3553965E-07
       780      9.4919380E-07
       781      9.6638176E-07
       782      9.9570786E-07
       783      1.6720950E+03
       784      1.5396206E+03
       785      1.3802545E+03
       786      1.1855901E+03
       787      1.7356146E+03
       788      1.6185957E+03
       789      1.4611690E+03
       790      1.2521941E+03
       791      1.0220709E+03
       792      7.9907450E+02
       793      6.0104189E+02
       794      4.2632336E+02
       795      2.7411654E+02
       796      1.5664037E+02
       797      6.6567765E+01
       798      2.6437581E+01
       799      1.0716727E+01
       800      6.6071972E+00
       801      5.4671636E+00
       802      4.7537714E+00
       803      3.1076660E+00
       804      1.4884035E+00
       805      4.4043693E-01
       806      5.6950772E-02
       807      4.5959915E-03
       808      4.6306743E-04
       809      3.4299393E-05
       810      2.3339055E-06
       811      1.3322286E-06
       812      1.4513163E-06
       813      1.7408209E-06
       814      1.5837889E-06
       815      9.8614472E+02
       816      7.7314422E+02
       817      5.5484684E+02
       818      3.3261107E+02
       819      1.4902119E+02
       820      4.7699933E+01
       821      9.3750370E+00
       822      1.0795646E+00
       823      1.2763534E-01
       824      2.1040053E-02
       825      4.4228239E-03
       826      1.1128273E-03
       827      3.1935854E-04
       828      9.0870802E-05
       829      2.2705140E-05
       830      5.1546374E-06
       831      2.2762924E-06
       832      1.8304091E-06
       833      3.5514624E-07
       834      6.9776218E-07
       835      1.7822141E-06
       836      1.7744125E-06
       837      1.5000812E-06
       838      1.4100142E-06
       839      1.3139502E-06
       840      1.2888079E-06
       841      1.0437585E-06
       842      1.2783342E-06
       843      1.2097792E-06
       844      1.0476163E-06
       845      6.3894257E-07
       846      6.0378824E-07
       847      8.3255037E-08
       848      2.0398659E-07
       849      3.7990634E-07
       850      5.8010022E-07
       851      3.1702218E+03
       852      3.5029056E+03
       853      1.0534190E-06
       854      1.1250062E-06
       855      1.8569057E-05
       856      1.2797208E+01
       857      4.9928931E-07
       858      5.1840450E-07
       859      5.4139098E-07
       860      5.7849672E-07
       861      5.3798801E-07
       862      5.2312268E-07
       863      5.1117613E-07
       864      3.6146650E+03
       865      3.4315839E+03
       866      3.1166424E+03
       867      2.5030125E+03
       868      5.6992303E-07
       869      6.1925802E-07
       870      6.8158679E-07
       871      7.8456958E-07
       872      8.0540041E-07
       873      1.0534011E-06
       874      1.3329491E-06
       875      1.6431363E-06
       876      5.0698704E-07
       877      8.0419457E+02
       878      2.4852703E+03
       879      3.2323232E+03
       880      3.6511703E+03
       881      1.2042486E-06
       882      1.2611533E-06
       883      1.3145326E-06
       884      1.3201888E-06
       885      1.6080831E-06
       886      1.9396643E-06
       887      1.8567272E-06
       888      3.1365172E-06
       889      1.0465687E-06
       890      1.0151474E-06
       891      5.5179380E-07
       892      5.7928415E-07
       893      5.3926644E-07
       894      1.8757325E+03
       895      5.5725777E-07
       896      1.3102935E-06
       897      1.0983698E-06
       898      1.2315053E-06
       899      1.5710435E-06
       900      1.1047558E-02
       901      7.9230642E-02
       902      1.5300379E-06
       903      1.3240163E-06
       904      1.6259609E-06
       905      1.8116309E-06
       906      2.9560326E-01
       907      4.3332586E+01
       908      1.2060721E+03
       909      1.8742427E+03
       910      9.8771577E+01
       911      8.4956299E+00
       912      2.9321378E+02
       913      8.3809305E+02
       914      1.9900553E+03
       915      2.5366814E+03
       916      2.7633478E+03
       917      2.6882739E+03
       918      2.3245425E+03
       919      2.1813164E+03
       920      2.6250761E+03
       921      2.5343602E+03
       922      2.7627279E+03
       923      2.8765855E+03
       924      2.9903809E+03
       925      2.8706745E+03
       926      2.7865650E+03
       927      2.8875331E+03
       928      2.9785541E+03
       929      2.8418810E+03
       930      2.8516312E+03
       931      2.7498415E+03
       932      2.8473317E+03
       933      3.0622708E+03
       934      2.8680274E+03
       935      2.9419988E+03
       936      2.8672285E+03
       937      2.9155817E+03
       938      2.6998773E+03
       939      2.3733285E+03
       940      2.4527182E+03
       941      3.0003415E+03
       942      3.2660783E+03
       943      2.9414746E+03
       944      2.7613848E+03
       945      3.2359459E+03
       946      5.9111250E+02
       947      5.0903907E+01
       948      4.3387260E+01
       949      4.3716126E+02
       950      2.5729592E+03
       951      1.6632577E+03
       952      5.0261720E+02
       953      1.4914215E+03
       954      2.2484247E-04
       955      2.4794677E-06
       956      1.8993201E-06
       957      1.9681222E-06
       958      1.2060244E+01
       959      1.0414891E+00
       960      1.6493272E-05
       961      1.5164204E-04
       962      1.2535495E-06
       963      1.0114628E-06
       964      9.8671948E-07
       965      1.2207866E-06
       966      1.6018770E-06
       967      1.4200688E-06
       968      1.1704120E-06
       969      1.4205680E-06
       970      6.9755273E-07
       971      6.4663039E-07
       972      6.9471680E-07
       973      7.9478134E-07
       974      1.0435347E-06
       975      8.5440231E-07
       976      7.6108049E-07
       977      9.0425161E-07
       978      6.1139583E-07
       979      5.6242431E-07
       980      4.8746540E-07
       981      5.0115853E-07
       982      6.9407064E-07
       983      6.3200874E-07
       984      5.6081939E-07
       985      5.9547119E-07
       986      4.8782175E-07
       987      4.3665783E-07
       988      3.3400249E-07
       989      2.3990466E-07
       990      4.1112379E-07
       991      4.2213923E-07
       992      3.8799579E-07
       993      3.1971173E-07
       994      1.2926363E-06
       995      1.1342565E-06
       996      1.1893712E-06
       997      1.3714842E-06
       998      1.6121739E-06
       999      1.4938392E-06
      1000      1.4603734E-06
      1001      1.2903956E-06
      1002      1.4554911E-06
      1003      1.5156714E-06
      1004      1.9205301E-06
      1005      1.1987135E-02
      1006      1.5296391E+02
      1007      3.8505385E+02
      1008      4.7057218E-06
      1009      2.7056001E-06
      1010      7.8480926E-01
      1011      5.3692459E+00
      1012      7.0900800E+02
      1013      1.8392492E+03
      1014      2.3526117E+03
      1015      2.4496000E+03
      1016      1.6169421E+03
      1017      1.1424299E+03
      1018      2.0251666E+03
      1019      2.2597632E+03
      1020      2.6482403E+03
      1021      2.9130748E+03
      1022      2.9526688E+03
      1023      2.8930776E+03
      1024      2.9099949E+03
      1025      2.8645271E+03
      1026      2.7156110E+03
      1027      2.9961923E+03
      1028      2.9963985E+03
      1029      2.7974714E+03
      1030      2.6039430E+03
      1031      2.4464250E+03
      1032      2.2774756E+03
      1033      2.6513084E+03
      1034      2.8386667E+03
      1035      2.7559756E+03
      1036      2.5170804E+03
      1037      2.7673638E+03
      1038      7.9965114E+02
      1039      2.3964478E+02
      1040      4.8961931E+02
      1041      1.6267158E+03
      1042      2.5723315E+03
      1043      1.8699686E+03
      1044      1.1530166E+03
      1045      2.2039363E+03
      1046      2.7269639E-01
      1047      1.0207815E-03
      1048      6.4441237E-04
      1049      4.6002761E-03
      1050      5.9492655E+02
      1051      7.6115109E+01
      1052      4.5581059E+00
      1053      4.1213078E+01
      1054      4.0194227E-07
      1055      4.6916100E-07
      1056      4.4701307E-07
      1057      4.3326203E-07
      1058      3.3990268E-07
      1059      2.3694054E-07
      1060      2.9252968E-07
      1061      3.9426278E-07
      1062      3.5446693E-07
      1063      2.2751129E-07
      1064      4.1747592E-07
      1065      4.5616110E-07
      1066      4.7635018E-07
      1067      5.0824263E-07
      1068      3.0074649E-07
      1069      3.6272148E-07
      1070      3.8904171E-07
      1071      3.7567722E-07
      1072      5.4738463E-07
      1073      1.9238796E+00
      1074      7.1769442E-07
      1075      8.2220706E-07
      1076      5.9849806E-07
      1077      5.6970412E-07
      1078      6.3114578E-07
      1079      7.0463424E-07
      1080      7.5897423E-07
      1081      8.8315431E-07
      1082      9.5806069E-07
      1083      8.3193331E-07
      1084      9.7042273E-07
      1085      1.1188653E-06
      1086      4.2393091E+01
      1087      7.6796861E+00
      1088      1.1553603E+01
      1089      1.1852269E+02
      1090      1.6418772E+03
      1091      2.5199039E+03
      1092      6.6076942E+02
      1093      1.8240127E+02
      1094      7.8262833E+02
      1095      1.8312661E+03
      1096      9.4877591E+02
      1097      1.6391991E+03
      1098      2.5601799E+03
      1099      3.1970848E+03
      1100      2.8552118E+03
      1101      2.1733030E+03
      1102      2.4348734E+03
      1103      3.0477403E+03
      1104      2.2034256E+03
      1105      2.2831734E+03
      1106      2.7144783E+03
      1107      3.4578923E+03
      1108      3.3149909E+03
      1109      2.5605998E+03
      1110      2.5699869E+03
      1111      3.4250903E+03
      1112      2.5964410E+03
      1113      2.7326046E+03
      1114      2.9921083E+03
      1115      3.2208600E+03
      1116      3.3884279E+03
      1117      2.8210564E+03
      1118      2.9236347E+03
      1119      3.3164749E+03
      1120      2.8947202E+03
      1121      2.9331168E+03
      1122      3.0474810E+03
      1123      2.8547537E+03
      1124      3.1002568E+03
      1125      3.0343409E+03
      1126      3.0461627E+03
      1127      2.9700667E+03
      1128      2.9868304E+03
      1129      3.0184326E+03
      1130      3.0555023E+03
      1131      2.9818989E+03
      1132      2.8018728E+03
      1133      3.0316831E+03
      1134      3.0405094E+03
      1135      2.8345146E+03
      1136      3.0417392E+03
      1137      3.0817698E+03
      1138      3.4848606E+03
      1139      3.7900414E+03
      1140      3.2010214E+03
      1141      3.1253691E+03
      1142      3.2671144E+03
      1143      3.4737538E+03
      1144      3.1313070E+03
      1145      2.9547518E+03
      1146      3.0881673E+03
      1147      3.8801387E+03
      1148      3.9676729E+03
      1149      3.4292389E+03
      1150      3.2925791E+03
      1151      4.0165377E+03
      1152      6.9834358E-07
      1153      8.9307326E-07
      1154      1.2000556E-06
      1155      1.3917996E-06
      1156      1.4997465E-06
      1157      1.3710659E-06
      1158      9.0017251E-07
      1159      1.0366363E-06
      1160      1.2219722E-06
      1161      1.1564035E-06
      1162      2.1098598E-06
      1163      1.1319919E-05
      1164      1.5495149E-06
      1165      1.8185525E-06
      1166      7.6092257E-04
      1167      3.6415260E-03
      1168      2.4554910E-06
      1169      3.6490198E-05
      1170      1.7612223E-06
      1171      1.6215449E-06
      1172      1.7230238E-06
      1173      3.2400371E-06
      1174      2.1997206E-06
      1175      1.7433380E-06
      1176      1.3319539E-02
      1177      1.2152376E+01
      1178      3.2278676E-06
      1179      3.3595409E-05
      1180      1.3924758E+00
      1181      1.5377687E-02
      1182      1.5813350E+02
      1183      9.5923697E+02
      1184      9.3659100E-01
      1185      1.8829791E+01
      1186      4.4009444E+02
      1187      1.1307972E+02
      1188      1.1590006E-06
      1189      1.1268623E-06
      1190      1.0481363E-06
      1191      1.0172373E-06
      1192      1.0280121E-06
      1193      1.0760695E-06
      1194      1.0543445E-06
      1195      1.0238635E-06
      1196      1.4595629E-06
      1197      1.2559718E-06
      1198      1.2585878E-06
      1199      1.4111111E-06
      1200      5.2226096E-07
      1201      5.4724691E-07
      1202      4.6997848E-07
      1203      4.7315449E-07
      1204      4.9484015E-07
      1205      4.8042658E-07
      1206      1.5065426E-06
      1207      1.3681515E-06
      1208      9.3704413E-07
      1209      9.2854018E-07
      1210      1.0733017E-06
      1211      1.1944122E-06
      1212      1.2878333E-06
      1213      1.1593392E-06
      1214      5.1952593E-07
      1215      4.8440524E-07
      1216      1.6052070E-03
      1217      1.8500631E+01
      1218      5.4718484E-06
      1219      2.6029206E-04
      1220      5.9526590E+00
      1221      1.5753742E-03
      1222      1.3885842E+03
      1223      2.0297497E+03
      1224      5.2986120E+02
      1225      9.7436286E+02
      1226      1.9203930E+03
      1227      1.5696428E+03
      1228      6.3053478E-07
      1229      5.1928616E-07
      1230      1.3675505E-06
      1231      1.5590224E-06
      1232      1.1403557E-01
      1233      1.5000728E-05
      1234      1.5726626E-06
      1235      1.9323938E-06
      1236      8.9328888E-06
      1237      1.8496155E-06
      1238      3.0283530E+02
      1239      3.0750981E+00
      1240      1.1359338E+01
      1241      1.2839625E+02
      1242      5.7941954E-01
      1243      3.6866848E-02
      1244      1.6222638E+03
      1245      1.6449420E+03
      1246      6.7653824E+02
      1247      3.1630541E+01
      1248      8.2647272E+00
      1249      4.4811911E+02
      1250      5.5072296E+02
      1251      1.6750658E+01
      1252      1.8931370E+03
      1253      2.0187550E+03
      1254      1.2763439E+03
      1255      2.0050742E+02
      1256      6.9673593E+01
      1257      8.7215498E+02
      1258      1.1048494E+03
      1259      1.3779030E+02
      1260      2.1128088E+03
      1261      2.0852407E+03
      1262      1.1928329E+03
      1263      1.9586351E+02
      1264      2.2147687E+02
      1265      1.2771333E+03
      1266      1.2147813E+03
      1267      2.0665340E+02
      1268      2.0672841E+03
      1269      2.0698787E+03
      1270      1.4025314E+03
      1271      4.0279095E+02
      1272      2.1664252E+02
      1273      1.2224903E+03
      1274      1.3016396E+03
      1275      2.8879423E+02
      1276      2.0737931E+03
      1277      2.0581016E+03
      1278      1.7249781E+03
      1279      9.2439463E+02
      1280      5.8226822E+02
      1281      1.5439403E+03
      1282      1.6647328E+03
      1283      7.6770572E+02
      1284      1.9915284E+03
      1285      1.9374182E+03
      1286      1.7797716E+03
      1287      1.3475023E+03
      1288      1.0560341E+03
      1289      1.7331511E+03
      1290      1.7400618E+03
      1291      1.1819908E+03
      1292      1.8983049E+03
      1293      1.9153126E+03
      1294      1.8574435E+03
      1295      1.7305027E+03
      1296      1.5071293E+03
      1297      1.8050153E+03
      1298      1.8491803E+03
      1299      1.6569780E+03
      1300      1.9317942E+03
      1301      1.9416619E+03
      1302      1.9186509E+03
      1303      1.8825269E+03
      1304      1.7918651E+03
      1305      1.8704892E+03
      1306      1.8935952E+03
      1307      1.8402781E+03
      1308      1.9962470E+03
      1309      2.0353373E+03
      1310      1.9952097E+03
      1311      1.9528594E+03
      1312      1.9172215E+03
      1313      1.9454689E+03
      1314      1.9715657E+03
      1315      1.9423707E+03
      1316      2.1337984E+03
      1317      2.1901562E+03
      1318      2.0493175E+03
      1319      1.8342585E+03
      1320      1.9413803E+03
      1321      2.0129288E+03
      1322      2.0274757E+03
      1323      1.9015386E+03
      1324      2.2928533E+03
      1325      2.3048239E+03
      1326      1.7542173E+03
      1327      2.0828535E+03
      1328      2.0586478E+03
      1329      1.6273825E+03
      1330      1.6194466E-01
      1331      1.0339932E+02
      1332      9.8905753E+02
      1333      7.9384438E+02
      1334      3.5729375E-02
      1335      6.2854345E+01
      1336      3.4800633E+01
      1337      7.1055786E-03
      1338      2.6864616E+00
      1339      2.8854094E+02
      1340      1.2949564E+03
      1341      1.2076448E+03
      1342      1.3935982E+00
      1343      2.2385175E+02
      1344      1.5652939E+02
      1345      5.4648969E-01
      1346      9.2648908E+00
      1347      4.2005681E+02
      1348      1.4362065E+03
      1349      1.4058992E+03
      1350      6.4711171E+00
      1351      3.7512025E+02
      1352      3.3609302E+02
      1353      4.3366382E+00
      1354      4.0445414E+01
      1355      6.7172027E+02
      1356      1.5959507E+03
      1357      1.5318486E+03
      1358      2.2701671E+01
      1359      5.5355039E+02
      1360      4.8002279E+02
      1361      1.3915628E+01
      1362      1.4776821E+03
      1363      1.8021330E+03
      1364      1.9027668E+03
      1365      1.9446819E+03
      1366      1.7550105E+03
      1367      1.0689588E+03
      1368      1.3537372E+03
      1369      1.7892837E+03
      1370      1.7909619E+03
      1371      1.2146365E+03
      1372      1.7422877E+03
      1373      1.8442546E+03
      1374      1.8943210E+03
      1375      1.8815043E+03
      1376      1.6741305E+03
      1377      1.8277250E+03
      1378      1.8065586E+03
      1379      1.5815284E+03
      1380      1.8669836E+03
      1381      1.9215452E+03
      1382      1.9686013E+03
      1383      1.9351799E+03
      1384      1.8436378E+03
      1385      1.8938736E+03
      1386      1.8640341E+03
      1387      1.8013469E+03
      1388      1.7742675E+03
      1389      1.9989311E+03
      1390      2.1179296E+03
      1391      2.0609504E+03
      1392      1.8356381E+03
      1393      1.9671016E+03
      1394      1.9448701E+03
      1395      1.8661210E+03
      1396      1.2427489E+03
      1397      1.9469693E+03
      1398      2.2092670E+03
      1399      2.2057205E+03
      1400      1.5209267E+03
      1401      1.9998806E+03
      1402      2.0201321E+03
      1403      1.6786959E+03
      1404      2.7451042E-06
      1405      2.6949544E-06
      1406      2.4108213E-06
      1407      3.3912433E-06
      1408      3.8512183E-06
      1409      4.3665353E-06
      1410      3.5323158E-06
      1411      4.0055236E-06
      1412      4.4207709E-06
      1413      4.8458877E-06
      1414      5.9887391E-06
      1415      4.8781941E-06
      1416      5.1683951E-06
      1417      5.0065087E-03
      1418      1.3622888E-03
      1419      2.6026895E+03
      1420      2.5393943E+03
      1421      2.4652468E+03
      1422      2.4655874E+03
      1423      2.5459751E+03
      1424      2.5829277E+03
      1425      2.3711900E+03
      1426      2.4295434E+03
      1427      2.3131037E+03
      1428      2.3916238E+03
      1429      2.5933055E+03
      1430      2.3768359E+03
      1431      2.0892369E+03
      1432      2.1571262E+03
      1433      2.4302846E+03
      1434      1.9505202E+03
      1435      2.3200855E+03
      1436      2.7124246E+03
      1437      2.1405577E+03
      1438      1.9248801E+03
      1439      6.6169461E+02
      1440      1.9690525E+03
      1441      2.4326177E+03
      1442      1.4215259E+03
      1443      1.6578227E+03
      1444      4.8569516E-03
      1445      3.2143058E+00
      1446      4.8100447E+02
      1447      1.1924240E+03
      1448      1.2657699E+00
      1449      4.7278445E+01
      1450      2.3903608E+02
      1451      7.1464690E+00
      1452      4.0378298E-06
      1453      4.2653909E-06
      1454      2.3917628E-02
      1455      4.8608948E+00
      1456      4.6068572E-06
      1457      1.0973491E-05
      1458      1.8939757E-02
      1459      5.8989676E-06
      1460      3.0777041E-06
      1461      3.1564481E-06
      1462      3.5988868E-06
      1463      3.8151457E-06
      1464      3.4116690E-06
      1465      3.5004387E-06
      1466      3.7521374E-06
      1467      3.8184583E-06
      1468      2.6708353E-06
      1469      2.8907679E-06
      1470      2.9843893E-06
      1471      2.2959760E-06
      1472      2.4974587E-06
      1473      2.7902411E-06
      1474      2.7066148E-06
      1475      3.5711268E-06
      1476      3.6746380E-06
      1477      3.2651935E-06
      1478      3.4341236E-06
      1479      2.6641314E-06
      1480      5.3648706E-05
      1481      6.6254513E-06
      1482      4.8490448E-06
      1483      5.0198505E-06
      1484      7.2001493E-06
      1485      1.0851179E+02
      1486      1.5074447E+02
      1487      6.8213391E+00
      1488      3.5065080E+01
      1489      7.0759893E-01
      1490      1.3461319E+03
      1491      3.8081957E+02
      1492      2.1416651E+03
      1493      2.2535615E+03
      1494      1.8832741E+03
      1495      2.1865524E+03
      1496      2.1771825E+03
      1497      2.1847690E+03
      1498      2.2258045E+03
      1499      2.1985347E+03
      1500      2.2221035E+03
      1501      2.1943161E+03
      1502      2.2039062E+03
      1503      2.1944901E+03
      1504      2.2406289E+03
      1505      2.1654668E+03
      1506      2.1709313E+03
      1507      2.1854261E+03
      1508      2.1737310E+03
      1509      2.1787473E+03
      1510      2.1859810E+03
      1511      2.1824610E+03
      1512      2.1709730E+03
      1513      2.1892060E+03
      1514      2.1781220E+03
      1515      2.1971813E+03
      1516      2.1793443E+03
      1517      2.4080764E+03
      1518      2.2566015E+03
      1519      2.4245234E+03
      1520      2.3954679E+03
      1521      2.3943302E+03
      1522      2.3977515E+03
      1523      2.3869053E+03
      1524      2.4010280E+03
      1525      2.3953543E+03
      1526      2.3698954E+03
      1527      2.3670746E+03
      1528      2.3278839E+03
      1529      2.3120479E+03
      1530      2.3466877E+03
      1531      2.3603569E+03
      1532      2.3487161E+03
      1533      2.3769445E+03
      1534      2.4135813E+03
      1535      2.4088775E+03
      1536      2.3079034E+03
      1537      2.3108510E+03
      1538      2.3938459E+03
      1539      2.0933562E+03
      1540      2.3438708E+03
      1541      2.4483485E+03
      1542      2.3532656E+03
      1543      2.2797055E+03
      1544      2.2160048E+03
      1545      2.2189312E+03
      1546      2.2108498E+03
      1547      2.2460989E+03
      1548      2.2529220E+03
      1549      2.3941101E+03
      1550      2.2016580E+03
      1551      2.1921608E+03
      1552      2.2652761E+03
      1553      2.2886088E+03
      1554      2.2759119E+03
      1555      2.2924479E+03
      1556      2.3362473E+03
      1557      2.3793441E+03
      1558      5.8698673E+02
      1559      1.4966247E+03
      1560      2.1380742E+03
      1561      2.1593248E+03
      1562      1.4563161E+03
      1563      2.0174664E+03
      1564      2.1676372E+03
      1565      2.0006265E+03
      1566      1.0033369E-02
      1567      1.6303741E+00
      1568      3.9113985E+02
      1569      1.3201972E+03
      1570      4.0124210E+00
      1571      6.4883565E+01
      1572      5.4675422E+02
      1573      8.9592568E+01
      1574      3.3931471E-06
      1575      3.3791358E-06
      1576      1.4737475E-05
      1577      2.7799485E-01
      1578      3.5345596E-06
      1579      4.3659166E-06
      1580      9.5910817E-04
      1581      4.0571028E-06
      1582      3.3319918E-06
      1583      3.6239401E-06
      1584      3.6420160E-06
      1585      3.6775273E-06
      1586      3.2019113E-06
      1587      3.4878795E-06
      1588      3.4571430E-06
      1589      3.1765618E-06
      1590      4.6888668E-06
      1591      4.4044775E-06
      1592      4.5467782E-06
      1593      4.1825819E-06
      1594      4.0829543E-06
      1595      4.3112212E-06
      1596      3.9537654E-06
      1597      3.5862457E-06
      1598      6.2629624E-01
      1599      7.6582272E+00
      1600      4.5363024E-01
      1601      9.7779247E-06
      1602      1.6984795E-05
      1603      4.9293650E-03
      1604      4.8932007E-06
      1605      4.9991284E-06
      1606      1.4629293E+03
      1607      1.9468261E+03
      1608      1.7833126E+03
      1609      6.6460078E+02
      1610      5.3774946E+02
      1611      1.1451933E+03
      1612      2.5573599E+02
      1613      5.2177786E+01
      1614      2.1206879E+03
      1615      2.0961593E+03
      1616      2.0739098E+03
      1617      1.9639442E+03
      1618      2.0654888E+03
      1619      2.0372090E+03
      1620      1.8951152E+03
      1621      2.2492226E+03
      1622      2.1921338E+03
      1623      2.1901085E+03
      1624      2.1957515E+03
      1625      2.1905891E+03
      1626      2.1980832E+03
      1627      2.1505119E+03
      1628      2.0999270E+03
      1629      2.1179827E+03
      1630      2.2617497E+03
      1631      2.1307624E+03
      1632      2.1604559E+03
      1633      2.1316802E+03
      1634      2.1653119E+03
      1635      2.1400760E+03
      1636      2.1083786E+03
      1637      2.1050788E+03
      1638      2.1576776E+03
      1639      2.1342695E+03
      1640      2.1379710E+03
      1641      2.1596341E+03
      1642      2.1813244E+03
      1643      2.1632146E+03
      1644      2.1379374E+03
      1645      2.1268078E+03
      1646      2.1733339E+03
      1647      2.1780073E+03
      1648      2.1575246E+03
      1649      2.1477363E+03
      1650      2.1683262E+03
      1651      2.1658149E+03
      1652      2.1583186E+03
      1653      2.1544770E+03
      1654      2.1688879E+03
      1655      2.1644949E+03
      1656      2.1657495E+03
      1657      2.1782567E+03
      1658      2.1946081E+03
      1659      2.1971183E+03
      1660      2.1835239E+03
      1661      2.1708709E+03
      1662      2.1808848E+03
      1663      2.1826240E+03
      1664      2.1720147E+03
      1665      2.1724780E+03
      1666      2.2393275E+03
      1667      2.2291607E+03
      1668      2.2154954E+03
      1669      2.2279101E+03
      1670      2.2286826E+03
      1671      2.2129903E+03
      1672      2.2075519E+03
      1673      6.3883144E+00
      1674      1.3136024E-05
      1675      3.3649672E-02
      1676      1.8400543E+03
      1677      1.0749133E+03
      1678      2.6047457E+02
      1679      6.1247076E+02
      1680      1.0953693E+02
      1681      2.4933370E+03
      1682      2.4788441E+03
      1683      2.4423351E+03
      1684      2.4028493E+03
      1685      2.3220244E+03
      1686      2.5198602E+03
      1687      2.5991358E+03
      1688      2.6016265E+03
      1689      2.5350467E+03
      1690      2.5148137E+03
      1691      2.3644472E+03
      1692      2.3561775E+03
      1693      2.4087604E+03
      1694      2.4559877E+03
      1695      2.4647088E+03
      1696      2.4296033E+03
      1697      2.3942718E+03
      1698      2.3998629E+03
      1699      2.4339034E+03
      1700      2.4131017E+03
      1701      2.2397001E+03
      1702      2.1876198E+03
      1703      2.1919789E+03
      1704      2.2851118E+03
      1705      2.2784388E+03
      1706      2.2395337E+03
      1707      2.3018151E+03
      1708      2.3244020E+03
      1709      2.2238548E+03
      1710      2.2015857E+03
      1711      2.2742814E+03
      1712      2.3958146E+03
      1713      2.5258074E+03
      1714      2.4588325E+03
      1715      2.2989399E+03
      1716      2.2904342E+03
      1717      2.4140228E+03
      1718      2.4260223E+03
      1719      2.2285220E+03
      1720      2.2009450E+03
      1721      2.1496913E+03
      1722      2.1381970E+03
      1723      2.1985590E+03
      1724      2.1759028E+03
      1725      2.1715824E+03
      1726      2.1919342E+03
      1727      2.2099645E+03
      1728      2.1990896E+03
      1729      2.1923804E+03
      1730      2.1898860E+03
      1731      2.2441666E+03
      1732      2.2176403E+03
      1733      2.2198370E+03
      1734      2.2512136E+03
      1735      2.1169940E+03
      1736      2.1109804E+03
      1737      2.1317386E+03
      1738      2.1559290E+03
      1739      2.1307229E+03
      1740      2.1382565E+03
      1741      2.1677888E+03
      1742      2.1783289E+03
      1743      1.9743012E+02
      1744      6.0976571E+02
      1745      1.9817432E+03
      1746      2.1100354E+03
      1747      9.8754298E+02
      1748      1.7057850E+03
      1749      2.0765511E+03
      1750      1.8880685E+03
      1751      4.1997795E-06
      1752      4.3902733E-05
      1753      1.0071028E+01
      1754      2.8762597E+02
      1755      7.6687392E-03
      1756      7.1638033E-01
      1757      5.9978622E+01
      1758      5.8867705E+00
      1759      4.2198600E-06
      1760      4.3537044E-06
      1761      3.6615661E-06
      1762      4.0332373E-06
      1763      3.8737495E-06
      1764      3.9970149E-06
      1765      4.0618936E-06
      1766      3.4717117E-06
      1767      4.9527813E-06
      1768      4.4095184E-05
      1769      6.3138633E-06
      1770      5.2923850E-06
      1771      4.4594236E-06
      1772      5.4584680E-06
      1773      4.9929975E-06
      1774      4.5812127E-06
      1775      2.6291625E+02
      1776      6.5205478E+02
      1777      2.7653019E+02
      1778      1.0100177E+01
      1779      6.4549877E+00
      1780      5.7161520E+01
      1781      5.4140182E-01
      1782      4.1336737E-03
      1783      2.1188041E+03
      1784      2.0977420E+03
      1785      2.1294155E+03
      1786      2.0115802E+03
      1787      2.0193945E+03
      1788      2.1067425E+03
      1789      1.8036437E+03
      1790      1.2406857E+03
      1791      2.1358266E+03
      1792      2.1223772E+03
      1793      2.1044422E+03
      1794      2.1041710E+03
      1795      2.1024242E+03
      1796      2.1031055E+03
      1797      2.1030695E+03
      1798      2.0831241E+03
      1799      2.1329348E+03
      1800      2.1071466E+03
      1801      2.1024475E+03
      1802      2.1103276E+03
      1803      2.1499779E+03
      1804      2.1264653E+03
      1805      2.1305081E+03
      1806      2.1579667E+03
      1807      2.0688082E+03
      1808      2.0481470E+03
      1809      2.0474635E+03
      1810      2.0676493E+03
      1811      2.0765575E+03
      1812      2.0619389E+03
      1813      2.0847464E+03
      1814      2.1001210E+03
      1815      2.0928999E+03
      1816      2.0741677E+03
      1817      2.0339742E+03
      1818      2.0253919E+03
      1819      2.0803210E+03
      1820      2.0566862E+03
      1821      2.0478889E+03
      1822      2.0712483E+03
      1823      2.1349433E+03
      1824      2.1242581E+03
      1825      2.0990516E+03
      1826      2.0812515E+03
      1827      2.1076161E+03
      1828      2.1222447E+03
      1829      2.1089401E+03
      1830      2.0921481E+03
      1831      2.1184525E+03
      1832      2.1124517E+03
      1833      2.1313434E+03
      1834      2.1408100E+03
      1835      2.1413845E+03
      1836      2.1361106E+03
      1837      2.1280186E+03
      1838      2.1283304E+03
      1839      2.1375657E+03
      1840      2.1354640E+03
      1841      2.1587440E+03
      1842      2.1539647E+03
      1843      2.1450240E+03
      1844      2.1518924E+03
      1845      2.1459844E+03
      1846      2.1370279E+03
      1847      2.1599523E+03
      1848      2.1717296E+03
      1849      2.1671096E+03
      1850      2.1524375E+03
      1851      2.1430868E+03
      1852      2.1530722E+03
      1853      2.1640454E+03
      1854      2.1529138E+03
      1855      2.2008671E+03
      1856      2.1991269E+03
      1857      2.1686111E+03
      1858      2.1827960E+03
      1859      2.1787086E+03
      1860      2.1651194E+03
      1861      2.0177036E+03
      1862      2.0052783E+03
      1863      1.9901276E+03
      1864      2.0133495E+03
      1865      2.0503455E+03
      1866      2.0679768E+03
      1867      2.0322470E+03
      1868      2.0141836E+03
      1869      2.0323055E+03
      1870      2.0503403E+03
      1871      2.1045999E+03
      1872      2.1024130E+03
      1873      2.0950466E+03
      1874      2.0861909E+03
      1875      2.0247529E+03
      1876      1.8293376E+03
      1877      2.1038497E+03
      1878      2.1077600E+03
      1879      2.1207640E+03
      1880      2.1275952E+03
      1881      1.9014270E+03
      1882      9.1155767E+02
      1883      3.0559986E+01
      1884      2.5850837E+00
      1885      7.3724686E+02
      1886      1.4029582E+03
      1887      4.1435845E+02
      1888      9.7986471E+01
      1889      1.0557892E+01
      1890      1.0219688E-02
      1891      8.7743043E-06
      1892      3.9397894E-06
      1893      2.4860247E-03
      1894      4.9746628E-01
      1895      1.0747417E-04
      1896      7.7140627E-06
      1897      1.0092383E-01
      1898      9.1120002E+00
      1899      1.8357851E+01
      1900      1.0468113E+00
      1901      5.2025322E-06
      1902      2.3611713E-05
      1903      8.3066711E-02
      1904      1.3367023E-04
      1905      9.4822662E+02
      1906      1.8744241E+03
      1907      2.0042712E+03
      1908      1.8246013E+03
      1909      8.2579144E+01
      1910      3.5954850E+02
      1911      1.3785489E+03
      1912      7.1788840E+02
      1913      2.0682379E+03
      1914      2.0800450E+03
      1915      2.0957239E+03
      1916      2.1071723E+03
      1917      2.0847497E+03
      1918      2.0967565E+03
      1919      2.0823202E+03
      1920      2.0862531E+03
      1921      2.0913764E+03
      1922      2.1000869E+03
      1923      2.1320217E+03
      1924      2.1558715E+03
      1925      2.1195819E+03
      1926      2.1081388E+03
      1927      2.1198871E+03
      1928      2.1395727E+03
      1929      2.1098772E+03
      1930      2.1037736E+03
      1931      2.1178004E+03
      1932      2.1464925E+03
      1933      2.1650235E+03
      1934      2.1378143E+03
      1935      2.1337033E+03
      1936      2.1625249E+03
      1937      2.0691840E+03
      1938      2.0451155E+03
      1939      2.0742665E+03
      1940      2.1093546E+03
      1941      2.1241669E+03
      1942      2.0956304E+03
      1943      2.0778420E+03
      1944      2.1066398E+03
      1945      2.0929913E+03
      1946      2.1266869E+03
      1947      2.1772043E+03
      1948      2.1784293E+03
      1949      2.0896415E+03
      1950      2.1251266E+03
      1951      2.1196965E+03
      1952      2.0789576E+03
      1953      2.2346481E+03
      1954      2.3378290E+03
      1955      2.3845543E+03
      1956      2.3605557E+03
      1957      2.1858192E+03
      1958      2.2015867E+03
      1959      2.2979561E+03
      1960      2.2865905E+03
      1961      2.6285917E+03
      1962      2.5171146E+03
      1963      2.3741638E+03
      1964      2.4972116E+03
      1965      2.4161074E+03
      1966      2.3020304E+03
      1967      3.9781780E+00
      1968      1.4958678E+00
      1969      2.2503637E+03
      1970      2.3075792E+03
      1971      1.6340527E+03
      1972      4.5311538E+02
      1973      3.4380071E+02
      1974      1.4443559E+03
      1975      9.3834131E-05
      1976      1.9947381E-06
      1977      1.6489463E-06
      1978      1.0640898E-05
      1979      1.1143983E-04
      1980      3.0684106E-06
      1981      1.3187179E-06
      1982      2.2553765E+03
      1983      2.2708604E+03
      1984      2.2566925E+03
      1985      2.2258901E+03
      1986      2.2374088E+03
      1987      2.2455984E+03
      1988      2.2203674E+03
      1989      2.2175356E+03
      1990      2.3648011E+03
      1991      2.4938233E+03
      1992      2.5417213E+03
      1993      2.4755304E+03
      1994      2.4042625E+03
      1995      2.3113213E+03
      1996      2.3781831E+03
      1997      2.4956569E+03
      1998      2.4604605E+03
      1999      2.3574799E+03
      2000      2.3826231E+03
      2001      2.3213614E+03
      2002      2.1975203E+03
      2003      2.1108320E+03
      2004      2.2480805E+03
      2005      2.3441298E+03
      2006      2.2743312E+03
      2007      2.1787150E+03
      2008      2.1772028E+03
      2009      2.0983667E+03
      2010      2.0090401E+03
      2011      1.9662610E+03
      2012      2.0499564E+03
      2013      2.1226394E+03
      2014      2.0573596E+03
      2015      2.0013741E+03
      2016      2.0028911E+03
      2017      1.9910705E+03
      2018      1.9676309E+03
      2019      1.9308439E+03
      2020      1.9440705E+03
      2021      1.9794582E+03
      2022      1.9668701E+03
      2023      1.9323035E+03
      2024      7.3627160E-07
      2025      9.1073374E-07
      2026      9.5534731E-07
      2027      7.3136854E-07
      2028      7.0603476E-07
      2029      8.0680376E-07
      2030      8.3855804E-07
      2031      2.3920247E+03
      2032      2.4727430E+03
      2033      2.5812224E+03
      2034      2.6983950E+03
      2035      2.5136481E+03
      2036      2.4443971E+03
      2037      2.5453300E+03
      2038      2.6318165E+03
      2039      2.8106169E+03
      2040      5.4376679E-07
      2041      2.7374332E+03
      2042      2.0617486E+03
      2043      2.0378305E+03
      2044      1.9965251E+03
      2045      1.9526219E+03
      2046      2.0172624E+03
      2047      2.0382904E+03
      2048      2.0125254E+03
      2049      1.9767235E+03
      2050      2.0253074E+03
      2051      2.0286692E+03
      2052      2.0024279E+03
      2053      1.9679816E+03
      2054      1.9564689E+03
      2055      1.9967868E+03
      2056      2.0003294E+03
      2057      1.9666568E+03
      2058      2.0822846E+03
      2059      2.0569283E+03
      2060      2.0770631E+03
      2061      2.0839938E+03
      2062      2.0570473E+03
      2063      2.0532917E+03
      2064      2.0194002E+03
      2065      2.0741268E+03
      2066      2.1691924E+03
      2067      2.2557281E+03
      2068      2.2824344E+03
      2069      2.1883958E+03
      2070      2.0655895E+03
      2071      2.1463553E+03
      2072      2.2083662E+03
      2073      2.1236891E+03
      2074      2.3492676E+03
      2075      2.4094124E+03
      2076      2.2599600E+03
      2077      2.3482911E+03
      2078      2.4106381E+03
      2079      2.3285895E+03
      2080      7.9544181E-07
      2081      6.6290008E-07
      2082      2.4526274E+03
      2083      2.3770493E+03
      2084      2.3151645E+03
      2085      2.3129615E+03
      2086      2.3836106E+03
      2087      2.3364137E+03
      2088      2.5536627E+03
      2089      2.5101317E+03
      2090      2.5448233E+03
      2091      2.7087309E+03
      2092      1.0013249E-06
      2093      1.0919889E-06
      2094      1.3896325E-06
      2095      1.4773881E-06
      2096      1.0443971E-06
      2097      1.1973216E-06
      2098      1.3033595E-06
      2099      1.1035296E-06
      2100      1.0532259E-06
      2101      9.6873662E-07
      2102      2.4712834E-07
      2103      5.1020421E-04
      2104      1.7391905E-06
      2105      2.2001994E-06
      2106      2.5198042E-06
      2107      6.9260987E+02
      2108      1.4210088E+00
      2109      6.9732577E+01
      2110      2.4990713E+03
      2111      1.8492449E+03
      2112      2.5235798E+03
      2113      2.0926900E+03
      2114      2.0594330E+03
      2115      2.0611678E+03
      2116      2.0338344E+03
      2117      9.3485346E+02
      2118      5.0646623E+02
      2119      2.0244766E+03
      2120      2.0907634E+03
      2121      1.8723403E+03
      2122      1.5005163E+03
      2123      7.8301627E+02
      2124      1.6892422E+03
      2125      2.0391652E+03
      2126      2.0465926E+03
      2127      2.0559024E+03
      2128      2.0660655E+03
      2129      1.6856209E+03
      2130      2.0426310E+03
      2131      2.0603857E+03
      2132      2.0578464E+03
      2133      2.0430644E+03
      2134      2.0371782E+03
      2135      2.0504265E+03
      2136      2.0686610E+03
      2137      2.0645546E+03
      2138      2.0516137E+03
      2139      2.0508833E+03
      2140      2.0646187E+03
      2141      2.0320871E+03
      2142      2.0304974E+03
      2143      2.0723321E+03
      2144      2.0530132E+03
      2145      2.0549518E+03
      2146      2.0782966E+03
      2147      2.0411225E+03
      2148      2.0347229E+03
      2149      2.0326263E+03
      2150      2.0137005E+03
      2151      2.0220017E+03
      2152      2.0471662E+03
      2153      2.0341351E+03
      2154      2.0092338E+03
      2155      2.2581641E+03
      2156      2.0289346E+03
      2157      1.1583152E+03
      2158      1.2956639E+03
      2159      2.2146462E+03
      2160      2.0816417E+03
      2161      2.0476068E+03
      2162      2.1185632E+03
      2163      2.3496987E+03
      2164      1.9931449E+03
      2165      1.1715694E+03
      2166      1.1205652E+03
      2167      2.3250370E+03
      2168      1.9893637E+03
      2169      2.0077465E+03
      2170      2.2847829E+03
      2171      2.5269927E+03
      2172      2.3675250E+03
      2173      1.9776161E+03
      2174      1.6600333E+03
      2175      2.4289938E+03
      2176      2.1556404E+03
      2177      2.0256313E+03
      2178      2.3635013E+03
      2179      2.7673443E+03
      2180      2.5299064E+03
      2181      2.7846065E+03
      2182      2.9251249E+03
      2183      2.8819590E+03
      2184      2.8169354E+03
      2185      2.5945319E+03
      2186      2.6623693E+03
      2187      2.4116180E+03
      2188      2.3004312E+03
      2189      2.7283783E+03
      2190      2.5632808E+03
      2191      2.5254922E+03
      2192      2.7470578E+03
      2193      2.1312550E+03
      2194      1.6559600E+03
      2195      2.2921263E+03
      2196      2.2161122E+03
      2197      1.8805388E+03
      2198      2.0817832E+03
      2199      1.3582217E+03
      2200      5.8854008E+02
      2201      2.0209339E+03
      2202      1.8342889E+03
      2203      8.8888550E+02
      2204      1.3038726E+03
      2205      2.0294233E+03
      2206      2.0095183E+03
      2207      2.0061053E+03
      2208      2.0184732E+03
      2209      2.0343125E+03
      2210      2.0201513E+03
      2211      2.0155691E+03
      2212      2.0248266E+03
      2213      2.5649936E+03
      2214      2.3918801E+03
      2215      2.3797397E+03
      2216      2.9790789E+03
      2217      2.8767175E+03
      2218      2.6232397E+03
      2219      3.2643858E+03
      2220      3.6054656E+03
      2221      1.0735455E-06
      2222      1.6154457E-06
      2223      1.4495430E-06
      2224      1.1189267E-06
      2225      1.2465546E-06
      2226      1.8052526E-06
      2227      1.6252758E-06
      2228      1.9911049E-06
      2229      5.0083596E-05
      2230      2.4091229E+03
      2231      2.3639959E+03
      2232      2.5711338E+03
      2233      2.6184530E+03
      2234      2.6459120E+03
      2235      2.5330031E+03
      2236      2.2206387E+03
      2237      2.2766445E+03
      2238      2.2595927E+03
      2239      2.2395238E+03
      2240      2.3017102E+03
      2241      2.3497167E+03
      2242      2.1750923E+03
      2243      2.1989014E+03
      2244      2.2970565E+03
      2245      2.3940205E+03
      2246      2.4850362E+03
      2247      2.3627528E+03
      2248      2.2280092E+03
      2249      2.2572729E+03
      2250      2.3425558E+03
      2251      2.2904003E+03
      2252      2.2543593E+03
      2253      2.2690976E+03
      2254      2.3211574E+03
      2255      2.3286668E+03
      2256      2.3914343E+03
      2257      2.4071973E+03
      2258      2.1767368E+03
      2259      2.1279790E+03
      2260      2.1979128E+03
      2261      2.1455727E+03
      2262      2.1627536E+03
      2263      2.2150489E+03
      2264      2.1319884E+03
      2265      2.0945401E+03
      2266      2.1074268E+03
      2267      2.1499568E+03
      2268      2.4379731E+03
      2269      2.3984737E+03
      2270      2.2323775E+03
      2271      2.2047892E+03
      2272      2.3410133E+03
      2273      2.2892186E+03
      2274      2.2404447E+03
      2275      2.2815593E+03
      2276      2.1955424E+03
      2277      2.0916505E+03
      2278      2.1757563E+03
      2279      2.1766839E+03
      2280      2.1259894E+03
      2281      2.1509629E+03
      2282      2.4468975E+03
      2283      2.5274187E+03
      2284      2.3057462E+03
      2285      2.3945245E+03
      2286      1.9598315E+03
      2287      2.0489127E+03
      2288      5.6913063E-07
      2289      2.6500091E+03
      2290      2.5336386E+03
      2291      2.5820297E+03
      2292      2.2655532E+03
      2293      2.2488325E+03
      2294      2.2888885E+03
      2295      2.2709683E+03
      2296      1.7169520E+02
      2297      9.5565415E+02
      2298      2.0556126E+03
      2299      2.1861486E+03
      2300      1.8186786E+03
      2301      8.6677182E+02
      2302      4.8660295E+02
      2303      1.5020811E+03
      2304      2.0019762E+03
      2305      1.9981452E+03
      2306      1.3031033E+03
      2307      3.1494860E+02
      2308      1.6550890E+03
      2309      1.5122643E+03
      2310      5.5185954E+02
      2311      8.2789363E+02
      2312      1.9426300E+03
      2313      1.8316429E+03
      2314      1.0522307E+03
      2315      8.4425892E+02
      2316      7.6018070E+01
      2317      1.5312215E+02
      2318      2.0152487E+03
      2319      2.0408392E+03
      2320      2.0923420E+03
      2321      2.0933983E+03
      2322      2.0652462E+03
      2323      2.0746145E+03
      2324      2.0076132E+03
      2325      2.0092417E+03
      2326      1.9850037E+03
      2327      2.0050748E+03
      2328      1.9163433E-06
      2329      2.6784219E+03
      2330      2.6649734E+03
      2331      2.3078987E+03
      2332      2.2685785E+03
      2333      2.4884070E+03
      2334      2.4798689E+03
      2335      2.9443022E+03
      2336      2.8123160E+03
      2337      2.8148458E+03
      2338      3.0195418E+03
      2339      2.0029256E+03
      2340      2.0165593E+03
      2341      1.9480140E+03
      2342      1.9787772E+03
      2343      1.9960444E+03
      2344      1.9717463E+03
      2345      2.0850927E+03
      2346      2.0971069E+03
      2347      2.0491048E+03
      2348      2.0625368E+03
      2349      2.0762828E+03
      2350      2.0916263E+03
      2351      2.0827710E+03
      2352      2.0651636E+03
      2353      2.0828852E+03
      2354      2.0933992E+03
      2355      2.0954379E+03
      2356      2.0984852E+03
      2357      2.0996708E+03
      2358      2.0902028E+03
      2359      2.0643291E+03
      2360      2.0530324E+03
      2361      2.0753226E+03
      2362      2.0725472E+03
      2363      2.0900814E+03
      2364      2.0840638E+03
      2365      2.0224405E+03
      2366      2.0398465E+03
      2367      2.0499014E+03
      2368      2.0347880E+03
      2369      1.9025952E+03
      2370      2.5548549E+03
      2371      2.5775449E+03
      2372      2.1825713E+03
      2373      1.9714302E+03
      2374      1.9891558E+03
      2375      2.0005553E+03
      2376      2.0507386E+03
      2377      1.9855832E+03
      2378      1.9691941E+03
      2379      1.9917095E+03
      2380      2.0133706E+03
      2381      1.9838854E+03
      2382      2.0070605E+03
      2383      2.0139138E+03
      2384      1.9990413E+03
      2385      2.5098682E+03
      2386      2.5655446E+03
      2387      2.5163504E+03
      2388      2.5281575E+03
      2389      2.5073372E+03
      2390      2.4810286E+03
      2391      2.4999037E+03
      2392      2.3886690E+03
      2393      2.4322918E+03
      2394      2.5394776E+03
      2395      2.5493411E+03
      2396      2.5005200E+03
      2397      2.5003983E+03
      2398      5.9627471E-07
      2399      5.6184692E-07
      2400      6.5571428E-07
      2401      1.1527926E-06
      2402      1.5538242E+03
      2403      6.4599939E+02
      2404      6.4165689E+02
      2405      1.4684703E+03
      2406      2.6276481E+03
      2407      2.2468565E+03
      2408      1.6835311E+03
      2409      2.3824126E+03
      2410      4.2540105E-03
      2411      4.8311081E+00
      2412      2.2692308E+01
      2413      1.0190531E+00
      2414      6.7301628E+01
      2415      4.5037850E+02
      2416      9.1724480E-07
      2417      1.0392710E-06
      2418      1.3652765E-06
      2419      1.6235832E-06
      2420      1.1754287E-06
      2421      1.0330173E-06
      2422      1.1918570E-06
      2423      1.4024224E-06
      2424      2.5676576E+03
      2425      2.7985286E+03
      2426      2.7382067E+03
      2427      2.5966881E+03
      2428      2.5095269E+03
      2429      2.5376132E+03
      2430      2.6561436E+03
      2431      2.7645259E+03
      2432      2.5295250E+03
      2433      2.6349648E+03
      2434      2.7348827E+03
      2435      2.5714283E+03
      2436      2.6079950E+03
      2437      2.6184931E+03
      2438      2.6842172E+03
      2439      2.7905769E+03
      2440      2.6458223E+03
      2441      2.6770775E+03
      2442      2.7329794E+03
      2443      2.6662477E+03
      2444      2.5744352E+03
      2445      2.5168460E+03
      2446      2.7941953E+03
      2447      2.6659998E+03
      2448      2.6063673E+03
      2449      2.7354159E+03
      2450      2.5554198E+03
      2451      2.5180414E+03
      2452      2.4593269E+03
      2453      2.5171179E+03
      2454      2.4793249E+03
      2455      2.4260773E+03
      2456      2.5731979E+03
      2457      2.5476025E+03
      2458      2.5402127E+03
      2459      2.5739793E+03
      2460      4.1673025E-07
      2461      3.9529154E-07
      2462      4.2600049E-07
      2463      1.3758709E-06
      2464      1.6862463E-06
      2465      1.9797480E-06
      2466      2.4260658E-06
      2467      1.9937631E-06
      2468      1.5962728E-06
      2469      3.8861361E-07
      2470      3.3881304E-07
      2471      2.9653513E-07
      2472      3.4870407E-07
      2473      2.4025965E-07
      2474      1.9262582E-07
      2475      1.8857744E-06
      2476      2.0756649E-06
      2477      1.3786931E-02
      2478      5.9709010E+00
      2479      5.7240970E-06
      2480      2.5784205E-06
      2481      6.9892555E-06
      2482      4.2976404E-02
      2483      1.8626421E+02
      2484      4.0119427E+01
      2485      2.1736053E+01
      2486      1.6021723E-01
      2487      1.4383683E+02
      2488      4.5723226E+00
      2489      2.0736110E-01
      2490      6.1480275E+01
      2491      9.0105987E+02
      2492      1.6859596E+03
      2493      1.9013002E+02
      2494      7.9484635E+02
      2495      1.5854696E+02
      2496      9.9544093E+00
      2497      9.0482766E+02
      2498      1.6807692E+03
      2499      1.7301362E+03
      2500      1.9939783E+03
      2501      2.0105133E+03
      2502      2.0277427E+03
      2503      4.1047524E+02
      2504      7.5382901E+02
      2505      2.4095975E+02
      2506      2.8622805E+02
      2507      3.1939094E-06
      2508      9.5747927E-06
      2509      1.2186620E+00
      2510      5.7404736E+00
      2511      3.8011912E+02
      2512      8.7563439E+01
      2513      5.3276514E-07
      2514      5.5505885E-07
      2515      5.8255228E-07
      2516      5.6856508E-07
      2517      5.0612405E-07
      2518      4.8017293E-07
      2519      5.1084030E-07
      2520      5.3786525E-07
      2521      5.1983949E-07
      2522      4.9680237E-07
      2523      5.1105298E-07
      2524      4.6515280E-07
      2525      4.5740769E-07
      2526      4.9393954E-07
      2527      4.9648130E-07
      2528      4.4068069E-07
      2529      5.8420746E-07
      2530      5.9592166E-07
      2531      6.3002549E-07
      2532      6.8275185E-07
      2533      7.4201818E-07
      2534      7.0337807E-07
      2535      6.6149820E-07
      2536      6.1895143E-07
      2537      6.2426275E-07
      2538      6.7599757E-07
      2539      9.0007417E-07
      2540      1.0299639E-06
      2541      8.2931641E-07
      2542      7.5985232E-07
      2543      8.2806786E-07
      2544      9.2243840E-07
      2545      7.2431268E-07
      2546      6.1304015E-07
      2547      6.9634323E-07
      2548      8.3476781E-07
      2549      1.0954922E-06
      2550      8.9647788E-07
      2551      7.5152899E-07
      2552      9.2981380E-07
      2553      4.4781764E-07
      2554      4.4236391E-07
      2555      5.2051992E-07
      2556      5.8066824E-07
      2557      7.9538744E-07
      2558      7.0893360E-07
      2559      6.5530323E-07
      2560      6.3865373E-07
      2561      8.0143901E-07
      2562      8.0469385E-07
      2563      7.1316357E-07
      2564      7.0639095E-07
      2565      6.4918400E-07
      2566      6.1630414E-07
      2567      6.1628765E-07
      2568      5.8335663E-07
      2569      5.5842367E-07
      2570      5.8991174E-07
      2571      6.6971219E-07
      2572      6.4379134E-07
      2573      6.9912852E-07
      2574      7.6235967E-07
      2575      9.2140670E-07
      2576      8.2323156E-07
      2577      6.7508536E-07
      2578      5.7707424E-07
      2579      5.4655896E-07
      2580      7.2000323E-07
      2581      6.7851133E-07
      2582      5.6424921E-07
      2583      1.4124037E-06
      2584      1.1709313E-06
      2585      9.8759019E-07
      2586      1.1478865E-06
      2587      5.3463999E-07
      2588      5.4508773E-07
      2589      6.6017670E-07
      2590      6.0234979E-07
      2591      5.9333481E-07
      2592      1.5262478E-06
      2593      1.2246530E-06
      2594      9.3359683E-07
      2595      7.7219395E-07
      2596      9.8302733E-07
      2597      1.2788259E-06
      2598      1.3652006E-06
      2599      1.0861914E-06
      2600      9.7223962E-07
      2601      9.7634904E-07
      2602      8.2897630E-07
      2603      5.7417243E-07
      2604      6.0826933E-07
      2605      8.3116452E-07
      2606      1.0731682E-06
      2607      1.0247341E-06
      2608      1.0486932E-06
      2609      1.0319931E-06
      2610      1.0203492E-06
      2611      1.0386879E-06
      2612      1.1809003E-06
      2613      1.2339860E-06
      2614      1.2000652E-06
      2615      1.1470160E-06
      2616      1.0962517E-06
      2617      1.0571624E-06
      2618      1.1032059E-06
      2619      1.1498833E-06
      2620      1.3173585E-06
      2621      1.3807484E-06
      2622      1.3963404E-06
      2623      1.3693200E-06
      2624      1.2598401E-06
      2625      1.3173795E-06
      2626      1.2685581E-06
      2627      1.2012771E-06
      2628      1.5054175E-06
      2629      1.6356741E-06
      2630      1.5298765E-06
      2631      1.6876376E-06
      2632      1.6696001E-06
      2633      1.5032669E-06
      2634      1.3233127E-06
      2635      1.5533918E-06
      2636      1.4606830E-06
      2637      1.3585338E-06
      2638      6.2542236E-07
      2639      6.5518659E-07
      2640      6.8537206E-07
      2641      7.1362362E-07
      2642      7.3878081E-07
      2643      7.5774003E-07
      2644      7.6852522E-07
      2645      7.6689963E-07
      2646      7.5096028E-07
      2647      7.1794774E-07
      2648      6.6633976E-07
      2649      5.9358925E-07
      2650      4.9488438E-07
      2651      3.7385471E-07
      2652      2.3120188E-07
      2653      1.1096706E-07
      2654      1.9758020E-07
      2655      3.7870269E-07
      2656      5.6198145E-07
      2657      6.9663957E-07
      2658      7.8891206E-07
      2659      6.8217368E-07
      2660      6.1944768E-07
      2661      5.3332482E-07
      2662      5.9291727E-07
      2663      7.0350863E-07
      2664      5.1633978E-07
      2665      6.0551219E-07
      2666      7.0916131E-07
      2667      5.7470085E-07
      2668      6.0995304E-07
      2669      6.4701116E-07
      2670      1.9882318E-06
      2671      1.6739433E-06
      2672      1.8890466E-06
      2673      1.5890562E-06
      2674      1.3769709E-06
      2675      1.1815949E-06
      2676      1.4757884E-06
      2677      1.3846888E-06
      2678      7.0145118E-07
      2679      6.3368098E-07
      2680      5.8073133E-07
      2681      6.2226362E-07
      2682      5.1442608E-07
      2683      3.9407370E-07
      2684      6.3455765E-07
      2685      5.9614812E-07
      2686      5.4920646E-07
      2687      5.1899710E-07
      2688      1.9780277E-06
      2689      2.5760171E-06
      2690      1.8359721E-06
      2691      1.7441119E-06
      2692      1.9756007E-06
      2693      2.1445350E-06
      2694      9.5150949E-07
      2695      8.0294894E-07
      2696      4.7831329E-07
      2697      4.9064535E-07
      2698      5.7916180E-07
      2699      5.9471593E-07
      2700      5.4795489E-07
      2701      4.9127930E-07
      2702      7.5031514E-07
      2703      1.0377909E-06
      2704      4.8617863E-07
      2705      4.5330893E-07
      2706      5.4459341E-07
      2707      5.2015262E-07
      2708      5.4627743E-07
      2709      6.0167357E-07
      2710      1.0843127E-06
      2711      1.1376625E-06
      2712      1.7864226E-06
      2713      1.7427097E-06
      2714      1.4630857E-06
      2715      1.2329277E-06
      2716      1.2856816E-06
      2717      1.3366488E-06
      2718      1.5537987E-06
      2719      1.5036299E-06
      2720      5.5942360E-07
      2721      5.9794464E-07
      2722      5.2674818E-07
      2723      5.7890719E-07
      2724      5.7727087E-07
      2725      6.0385687E-07
      2726      7.8834174E-07
      2727      4.3702976E-07
      2728      2.7859691E-07
      2729      6.6038195E-07
      2730      6.3355642E-07
      2731      4.5559547E-07
      2732      2.4432833E-07
      2733      2.8885479E-07
      2734      4.8255906E-07
      2735      5.3074256E-07
      2736      5.4109990E-07
      2737      5.0788267E-07
      2738      4.9349269E-07
      2739      5.2760958E-07
      2740      4.4541492E-07
      2741      3.5880705E-07
      2742      4.3601589E-07
      2743      4.5641968E-07
      2744      5.0689005E-07
      2745      5.2060803E-07
      2746      5.9243730E-07
      2747      6.7028569E-07
      2748      6.3975123E-07
      2749      5.9196734E-07
      2750      5.3523811E-07
      2751      5.6923522E-07
      2752      5.3864161E-07
      2753      5.4041459E-07
      2754      6.0410968E-07
      2755      6.8452146E-07
      2756      6.9191157E-07
      2757      6.8749040E-07
      2758      6.0613411E-07
      2759      6.1050007E-07
      2760      5.1954067E-07
      2761      5.0090907E-07
      2762      5.4930137E-07
      2763      6.2300105E-07
      2764      6.4719394E-07
      2765      6.6938827E-07
      2766      5.9010865E-07
      2767      5.7109400E-07
      2768      4.6180122E-07
      2769      4.4308669E-07
      2770      4.8138896E-07
      2771      5.4489983E-07
      2772      5.7077061E-07
      2773      5.9674340E-07
      2774      5.2709988E-07
      2775      5.0455906E-07
      2776      4.0165510E-07
      2777      3.8193499E-07
      2778      4.1444601E-07
      2779      4.7193928E-07
      2780      4.9545586E-07
      2781      5.1986130E-07
      2782      4.5876012E-07
      2783      4.3624313E-07
      2784      3.4712725E-07
      2785      3.3120388E-07
      2786      3.4255240E-07
      2787      3.8980410E-07
      2788      4.2106808E-07
      2789      4.4764179E-07
      2790      3.9268716E-07
      2791      3.6908305E-07
      2792      3.0342803E-07
      2793      3.0023214E-07
      2794      2.5716642E-07
      2795      2.4742951E-07
      2796      3.0395256E-07
      2797      3.5111043E-07
      2798      3.1244411E-07
      2799      2.8218739E-07
      2800      3.3522374E-07
      2801      3.7682398E-07
      2802      3.0275781E-07
      2803      1.6009950E-07
      2804      1.4272480E-07
      2805      1.8761305E-07
      2806      2.4729940E-07
      2807      2.6560839E-07
      2808      3.5429724E-07
      2809      4.2815863E-07
      2810      3.5078321E-07
      2811      2.4252411E-07
      2812      2.4946422E-07
      2813      2.2320925E-07
      2814      2.0928727E-07
      2815      2.1680881E-07
      2816      2.3004598E-07
      2817      2.2141682E-07
      2818      2.2312489E-07
      2819      2.0342710E-07
      2820      1.8345663E-07
      2821      2.8630030E-07
      2822      2.7772934E-07
      2823      3.0109759E-07
      2824      2.1369133E-07
      2825      2.1587511E-07
      2826      2.0528748E-07
      2827      2.1062439E-07
      2828      2.1151098E-07
      2829      2.0894726E-07
      2830      2.0662526E-07
      2831      2.0872969E-07
      2832      2.0396886E-07
      2833      2.0731425E-07
      2834      2.0958114E-07
      2835      2.0595499E-07
      2836      2.0666636E-07
      2837      2.0733604E-07
      2838      2.0532562E-07
      2839      2.1833925E-07
      2840      2.3372078E-07
      2841      2.1036081E-07
      2842      2.0888280E-07
      2843      2.3891988E-07
      2844      2.2514172E-07
      2845      2.1446645E-07
      2846      2.1796565E-07
      2847      2.3660055E-07
      2848      2.4831473E-07
      2849      2.2638889E-07
      2850      2.2995836E-07
      2851      2.5258691E-07
      2852      2.1349047E-07
      2853      2.3178589E-07
      2854      2.3446924E-07
      2855      2.3516474E-07
      2856      2.3690775E-07
      2857      2.6023722E-07
      2858      3.1404531E-07
      2859      3.2110949E-07
      2860      2.8889866E-07
      2861      3.0095590E-07
      2862      4.1898921E-07
      2863      5.0639221E-07
      2864      5.3490732E-07
      2865      4.2358211E-07
      2866      4.8649953E-07
      2867      7.6537202E-07
      2868      6.1392903E-07
      2869      2.7161521E-07
      2870      2.4882665E-07
      2871      2.2884120E-07
      2872      2.4420143E-07
      2873      2.5774773E-07
      2874      2.0562075E-07
      2875      2.0292436E-07
      2876      2.4389195E-07
      2877      2.2953161E-07
      2878      2.1303821E-07
      2879      2.0630144E-07
      2880      2.1086645E-07
      2881      2.1843368E-07
      2882      2.3139558E-07
      2883      2.1935785E-07
      2884      2.2648589E-07
      2885      2.6338095E-07
      2886      2.5793864E-07
      2887      2.3706225E-07
      2888      2.2010943E-07
      2889      2.0935700E-07
      2890      2.1744606E-07
      2891      2.3660331E-07
      2892      2.3022943E-07
      2893      2.4131548E-07
      2894      2.3245979E-07
      2895      2.1600395E-07
      2896      2.1170055E-07
      2897      2.1042234E-07
      2898      2.1704450E-07
      2899      2.2332438E-07
      2900      2.6985945E-07
      2901      2.8812442E-07
      2902      2.7312222E-07
      2903      2.5144786E-07
      2904      2.4102583E-07
      2905      2.2617593E-07
      2906      2.4485905E-07
      2907      2.5728143E-07
      2908      3.2805226E-07
      2909      3.6078508E-07
      2910      3.9512967E-07
      2911      3.7614969E-07
      2912      3.2651672E-07
      2913      2.7835285E-07
      2914      2.9826598E-07
      2915      3.4011046E-07
      2916      4.9047702E-07
      2917      5.8100975E-07
      2918      6.7568451E-07
      2919      6.7413488E-07
      2920      5.4050151E-07
      2921      4.4354594E-07
      2922      4.6938010E-07
      2923      5.6666669E-07
      2924      7.6197105E-07
      2925      8.5997753E-07
      2926      9.6939338E-07
      2927      8.1747236E-07
      2928      7.7818265E-07
      2929      7.6127681E-07
      2930      8.6554220E-07
      2931      1.0048738E-06
      2932      1.0703407E-06
      2933      4.7001776E-07
      2934      9.8816046E-07
      2935      9.1626754E-07
      2936      6.3623653E-02
      2937      3.2946046E-01
      2938      3.7928740E-07
      2939      3.6924275E-07
      2940      3.4436310E-07
      2941      2.9353413E-07
      2942      2.7271742E-07
      2943      2.9974281E-07
      2944      3.4268760E-07
      2945      3.5529648E-07
      2946      3.2122386E-07
      2947      4.0965194E-07
      2948      3.8721360E-07
      2949      2.9126959E-07
      2950      2.7959014E-07
      2951      2.4299985E-07
      2952      2.3097318E-07
      2953      2.5684479E-07
      2954      2.7009265E-07
      2955      2.5501755E-07
      2956      2.4012599E-07
      2957      2.1411921E-07
      2958      2.1517635E-07
      2959      2.6795480E-07
      2960      2.7400646E-07
      2961      2.5144526E-07
      2962      2.2944188E-07
      2963      2.2609483E-07
      2964      2.2560257E-07
      2965      2.4030912E-07
      2966      2.4614270E-07
      2967      2.1630992E-07
      2968      2.1714891E-07
      2969      2.8953130E-07
      2970      2.9205338E-07
      2971      2.3497509E-07
      2972      2.3334148E-07
      2973      2.5533007E-07
      2974      2.5714514E-07
      2975      8.5214904E-07
      2976      7.2391620E-07
      2977      8.2105179E-07
      2978      9.7697667E-07
      2979      9.3628552E-07
      2980      7.8954288E-07
      2981      7.9644687E-07
      2982      6.7251247E-07
      2983      5.5323575E-07
      2984      5.1981568E-07
      2985      5.7088755E-07
      2986      6.4549114E-07
      2987      7.3968751E-07
      2988      6.2896877E-07
      2989      5.9807129E-07
      2990      6.0638764E-07
      2991      3.8164902E-07
      2992      4.6137229E-07
      2993      5.1242943E-07
      2994      5.6013365E-07
      2995      4.7296384E-07
      2996      4.2634830E-07
      2997      3.0904129E-07
      2998      3.1982726E-07
      2999      3.9080360E-07
      3000      4.7031605E-07
      3001      3.4541758E-07
      3002      3.2117951E-07
      3003      3.5714050E-07
      3004      4.1133647E-07
      3005      3.2121725E-07
      3006      2.9019203E-07
      3007      2.8143858E-07
      3008      3.0546058E-07
      3009      3.0821307E-07
      3010      3.1325824E-07
      3011      2.9081916E-07
      3012      3.0029600E-07
      3013      3.6842671E-07
      3014      3.2200107E-07
      3015      3.3442405E-07
      3016      3.5149175E-07
      3017      3.0827768E-07
      3018      2.9771669E-07
      3019      4.1707764E-07
      3020      3.5784172E-07
      3021      3.8505342E-07
      3022      4.0181647E-07
      3023      3.4360332E-07
      3024      3.3347896E-07
      3025      2.8442791E-07
      3026      3.2015990E-07
      3027      3.7775652E-07
      3028      3.9091956E-07
      3029      3.9073011E-07
      3030      3.4822976E-07
      3031      3.1647478E-07
      3032      2.9892643E-07
      3033      3.3472529E-07
      3034      3.5134955E-07
      3035      4.3933858E-07
      3036      4.4600036E-07
      3037      4.4982101E-07
      3038      4.3215276E-07
      3039      3.8483237E-07
      3040      3.5516048E-07
      3041      3.9450687E-07
      3042      4.0852114E-07
      3043      5.1001562E-07
      3044      5.7412520E-07
      3045      6.5864334E-07
      3046      6.6889851E-07
      3047      5.8582487E-07
      3048      5.0398539E-07
      3049      5.1200378E-07
      3050      5.8554273E-07
      3051      7.2632365E-07
      3052      8.1047676E-07
      3053      8.8982236E-07
      3054      9.0197655E-07
      3055      8.3254634E-07
      3056      7.5519574E-07
      3057      7.3869586E-07
      3058      8.1614413E-07
      3059      1.0097127E-06
      3060      1.2660047E-06
      3061      2.0038863E-06
      3062      2.0169416E-06
      3063      1.1614495E-06
      3064      9.8470268E-07
      3065      9.7464264E-07
      3066      1.1954496E-06
      3067      4.8854684E-05
      3068      3.9346144E-02
      3069      5.3346971E-07
      3070      4.5710953E-07
      3071      4.1696892E-07
      3072      4.4117943E-07
      3073      4.7932532E-07
      3074      7.0946210E-07
      3075      5.8373984E-07
      3076      5.9869337E-07
      3077      7.1993349E-07
      3078      7.0404496E-07
      3079      6.8583375E-07
      3080      3.6308330E-07
      3081      3.9218539E-07
      3082      4.8195524E-07
      3083      5.5443393E-07
      3084      5.2056755E-07
      3085      4.9214517E-07
      3086      4.1867737E-07
      3087      4.5066837E-07
      3088      6.2660775E-07
      3089      6.0703193E-07
      3090      9.6469994E-07
      3091      9.3090034E-07
      3092      7.1435491E-07
      3093      6.9890865E-07
      3094      8.1326457E-07
      3095      8.1247263E-07
      3096      1.0822006E-06
      3097      1.1700976E-06
      3098      1.4224639E-06
      3099      1.3615066E-06
      3100      2.0996608E-06
      3101      1.9783531E-06
      3102      2.4431379E-03
      3103      9.0293351E-07
      3104      7.3497792E-07
      3105      6.3685761E-07
      3106      7.0122079E-07
      3107      4.8600711E-07
      3108      4.5508450E-07
      3109      4.1295104E-07
      3110      4.6846524E-07
      3111      4.8447081E-07
      3112      4.3717318E-07
      3113      4.2567375E-07
      3114      4.7955119E-07
      3115      5.1552643E-07
      3116      4.5993025E-07
      3117      4.9830467E-07
      3118      5.0380626E-07
      3119      4.7349607E-07
      3120      4.9152140E-07
      3121      4.8908993E-07
      3122      4.6934795E-07
      3123      5.3325915E-07
      3124      5.5247452E-07
      3125      3.4436874E-07
      3126      3.7901717E-07
      3127      3.1400207E-07
      3128      3.4787768E-07
      3129      3.2202597E-07
      3130      2.9164211E-07
      3131      4.7994581E-07
      3132      4.5436760E-07
      3133      3.9625779E-07
      3134      4.3499437E-07
      3135      4.0949808E-07
      3136      3.7285224E-07
      3137      3.4658901E-07
      3138      3.2611033E-07
      3139      4.5481845E-07
      3140      3.9634332E-07
      3141      3.7707497E-07
      3142      4.3601237E-07
      3143      2.5148285E-07
      3144      2.8093471E-07
      3145      3.0263028E-07
      3146      2.6812095E-07
      3147      2.5414101E-07
      3148      2.4747697E-07
      3149      2.3474851E-07
      3150      2.2436845E-07
      3151      2.2230657E-07
      3152      2.2142151E-07
      3153      2.3582721E-07
      3154      2.3679530E-07
      3155      2.6617381E-07
      3156      2.3449255E-07
      3157      2.3019341E-07
      3158      2.8571124E-07
      3159      2.6495493E-07
      3160      2.0866511E-07
      3161      2.0963131E-07
      3162      2.0536163E-07
      3163      2.0920604E-07
      3164      2.0703624E-07
      3165      2.0691986E-07
      3166      2.0844149E-07
      3167      2.0998728E-07
      3168      2.0751907E-07
      3169      2.0530405E-07
      3170      2.0598720E-07
      3171      2.0910341E-07
      3172      2.0773575E-07
      3173      2.0523152E-07
      3174      2.1940069E-07
      3175      1.9520184E-07
      3176      2.0175055E-07
      3177      2.1065836E-07
      3178      2.0910216E-07
      3179      2.1376043E-07
      3180      2.1415634E-07
      3181      2.1481742E-07
      3182      5.2251061E-07
      3183      6.9337682E-07
      3184      6.7642245E-07
      3185      5.3797462E-07
      3186      6.1514655E-07
      3187      6.0691619E-07
      3188      5.8211056E-07
      3189      5.1143577E-07
      3190      5.2923846E-07
      3191      8.9830199E-07
      3192      7.6923024E-07
      3193      8.1078123E-07
      3194      9.1595643E-07
      3195      7.0140786E-07
      3196      5.5513014E-07
      3197      5.8831584E-07
      3198      5.4682468E-07
