  0.3120112E-10
  0.7387020E-10
  0.4845440E-10
  0.3272177E-10
  0.9208056E-10
  0.7331259E-10
  0.6382716E-10
  0.1820424E-10
  0.4702139E+00
  0.2587172E-10
  0.3770872E-10
  0.1360331E-10
  0.4722699E-10
  0.1600176E-10
  0.2304671E-10
  0.1370488E-10
  0.6048836E-10
  0.6257777E-10
  0.2945717E-10
  0.4578054E-10
  0.1435017E-10
  0.5073310E-02
  0.3273804E+00
  0.4702222E+00
  0.2600863E-07
  0.1669981E-01
  0.3974422E-04
  0.6872531E-12
  0.8980653E-10
  0.1141245E+01
  0.4192635E+00
  0.5524654E+00
  0.9717124E+00
  0.3180239E-10
  0.4995814E-11
  0.3763851E-10
  0.7395115E-11
  0.2889330E-10
  0.6392195E-10
  0.4522766E+00
  0.3572370E+00
  0.3572916E+00
  0.1808753E-09
  0.3830180E+00
  0.3556483E+00
  0.8783074E+00
  0.1911608E-10
  0.1158767E+01
  0.7947365E+00
  0.4646124E+00
  0.1056312E+01
  0.8500713E+00
  0.5416536E+00
  0.1284526E+01
  0.1145937E+01
  0.1196293E+01
  0.7250372E+00
  0.2917133E+00
  0.5863214E+00
  0.1942123E+00
  0.3486652E+00
  0.5355569E+00
  0.1101781E+01
  0.5659471E+00
  0.1644980E+01
  0.8889608E-10
  0.4157198E-11
  0.3588669E-11
  0.4908001E-11
  0.4613051E+00
  0.3860839E+00
  0.1338384E+01
  0.1025909E+01
  0.5961911E+00
  0.6635129E-02
  0.1717605E+00
  0.8844908E+00
  0.1425780E+01
  0.6100482E+00
  0.2533576E+00
  0.9948864E+00
  0.6839729E+00
  0.7914587E+00
  0.3708989E+00
  0.6793263E+00
  0.3027844E+00
  0.3682841E+00
  0.9076676E-12
  0.1245105E-11
  0.4273594E-11
  0.3856177E-11
  0.9847611E-12
  0.7243901E+00
  0.7115355E+00
  0.6596708E+00
  0.6295108E+00
  0.5340311E+00
  0.6343892E+00
  0.1449735E-10
  0.9056947E-11
  0.3218069E-11
  0.1688871E-10
  0.2193088E-07
  0.1712680E-05
  0.3632522E-11
  0.4732346E-11
  0.1462402E-10
  0.1967679E-10
  0.2095280E-10
  0.5986471E+00
  0.3453052E+00
  0.4234976E+00
  0.1055817E+01
  0.1185448E+01
  0.1824931E+01
  0.1378971E+01
  0.1191056E+01
  0.1020591E+01
  0.7662006E+00
  0.4310774E+00
  0.3414679E+00
  0.3085494E+00
  0.1969120E+00
  0.2222745E-10
  0.2124168E+00
  0.2494593E-09
  0.1604670E-09
  0.1038080E-09
  0.3601043E-10
  0.7775107E-11
  0.4149425E-10
  0.6114770E-10
  0.4637838E-10
  0.1810674E-10
  0.7352999E+00
  0.1001449E+01
  0.1442157E+01
  0.1652127E+01
  0.1502463E+01
  0.1352149E+01
  0.6463477E+00
  0.2832017E-01
  0.6867351E-08
  0.1343820E-09
  0.3116876E-10
  0.1211560E-10
  0.4730074E-11
  0.1068123E-10
  0.6721731E-11
  0.5707542E-11
  0.5728242E-11
  0.1537253E-10
  0.7590531E-11
  0.2791131E-10
  0.1319700E+01
  0.1117346E+01
  0.2902442E+00
  0.9225696E+00
  0.5944211E+00
  0.1917720E+01
  0.1341825E+01
  0.3936286E-10
  0.2322300E-10
  0.3237067E-10
  0.7912106E+00
  0.8747963E+00
  0.9959587E+00
  0.1144209E+01
  0.4144845E+00
  0.3447510E-08
  0.2278545E+00
  0.8419861E+00
  0.6463061E+00
  0.1084635E+01
  0.9456287E+00
  0.4683962E+00
  0.3892607E+00
  0.3383978E+00
  0.1515708E+00
  0.6211684E-09
  0.1979119E-08
  0.3630812E-04
  0.3684868E+00
  0.4911282E+00
  0.5774868E+00
  0.7733571E+00
  0.5536579E+00
  0.6859213E+00
  0.5758775E-11
  0.4238521E-11
  0.1826784E-11
  0.5650689E+00
  0.4715536E+00
  0.4570413E+00
  0.3065170E+00
  0.3199775E+00
  0.3193759E-01
  0.8617378E-09
  0.1022370E-08
  0.8123753E-09
  0.1760060E-03
  0.3122864E+00
  0.3338710E+00
  0.3770626E+00
  0.3953832E+00
  0.4371665E+00
  0.5103892E+00
  0.4044384E+00
  0.1239521E+01
  0.1460789E+01
  0.2825330E+00
  0.2390218E-07
  0.9761448E+00
  0.2029136E-09
  0.3274428E-11
  0.2859042E-11
  0.4505742E+00
  0.3128192E+00
  0.4343735E+00
  0.2032025E-10
  0.1595551E-10
  0.1572350E+01
  0.1359455E+01
  0.7368267E+00
  0.5492602E-01
  0.3749881E-10
  0.5466985E-10
  0.9515363E-10
  0.3029745E-10
  0.1223158E-10
  0.4034368E-11
  0.2464016E-11
  0.2194891E-11
  0.4260820E-11
  0.4723910E+00
  0.1465033E-11
  0.4409633E+00
  0.4740677E+00
  0.1014419E+01
  0.3277530E+00
  0.3365952E-05
  0.1118734E-08
  0.5390166E-09
  0.5358667E-09
  0.5566080E-09
  0.2715690E-02
  0.3083339E+00
  0.3454972E+00
  0.3039483E+00
  0.2245146E+00
  0.5056447E+00
  0.4320042E+00
  0.3975254E+00
  0.1098017E+01
  0.1553366E+01
  0.7695175E+00
  0.5858236E-01
  0.2758107E-05
  0.2957528E-10
  0.1361780E-09
  0.1036283E-09
  0.3174419E-10
  0.1284229E-10
  0.5198273E-11
  0.6109743E+00
  0.1408465E+01
  0.2334796E+01
  0.2018133E+01
  0.1648320E+01
  0.1393861E+01
  0.1003080E+01
  0.2238492E+00
  0.7467672E-02
  0.1939939E-06
  0.5597248E-10
  0.1621806E-09
  0.3360032E-10
  0.1156103E-10
  0.8503244E-11
  0.4993854E-11
  0.4999858E-11
  0.4571892E+00
  0.7467971E+00
  0.3117348E+00
  0.1228769E+01
  0.1072505E+01
  0.1275051E-11
  0.1523649E-11
  0.4267408E-11
  0.1248566E+01
  0.9804667E+00
  0.6171825E+00
  0.1660297E+01
  0.1204555E+00
  0.5455109E-03
  0.6913615E-08
  0.6233683E-09
  0.2894332E-09
  0.5963682E-09
  0.9685505E-09
  0.3214983E-05
  0.2389045E-01
  0.4041180E+00
  0.6643776E+00
  0.1621552E-11
  0.9302083E-11
  0.3150290E-10
  0.9216042E-10
  0.1868406E-09
  0.7711350E-10
  0.3273688E-06
  0.7652592E-02
  0.1129908E+00
  0.4407650E+00
  0.6831699E+00
  0.1188350E+01
  0.8646290E+00
  0.1523677E+01
  0.1558951E+01
  0.1321147E+01
  0.1526864E+01
  0.1076986E+01
  0.1810678E+01
  0.1609008E+01
  0.1287499E+01
  0.7955813E+00
  0.2413343E+00
  0.3084886E-01
  0.2433136E-03
  0.2213540E-08
  0.2505787E-09
  0.1578372E-09
  0.9202441E-10
  0.3511078E-10
  0.2010756E-10
  0.1228696E-10
  0.2929094E-11
  0.1054790E-10
  0.9342768E-11
  0.2353332E-10
  0.3215847E-10
  0.5243855E-10
  0.9414019E-10
  0.1619776E-09
  0.3154949E-09
  0.1403151E-08
  0.1289210E-05
  0.6121029E-03
  0.1421615E-01
  0.1009457E+00
  0.3328628E+00
  0.5491667E+00
  0.5810356E+00
  0.4749074E+00
  0.7836633E+00
  0.8766424E+00
  0.1241551E+01
  0.1347503E+01
  0.2422448E+00
  0.6711075E-01
  0.3467579E-01
  0.5477229E-02
  0.3241454E-08
  0.2245569E-08
  0.1092546E-08
  0.3450041E-09
  0.1846339E-08
  0.4890001E-08
  0.3784962E-07
  0.1267003E+01
  0.3413966E+00
  0.1043516E+01
  0.9601436E+00
  0.6421815E+00
  0.6384246E+00
  0.9567801E+00
  0.3108655E+00
  0.1728712E+01
  0.1037276E+01
  0.7496855E+00
  0.1843703E+00
  0.2724998E-01
  0.2157096E-02
  0.5278925E-04
  0.9094388E-08
  0.2881626E-09
  0.2262975E-09
  0.8148775E-10
  0.2409667E-10
  0.6582853E-11
  0.7061607E-11
  0.5687254E-10
  0.7471497E-11
  0.9882326E-11
  0.8328679E-11
  0.1040703E-10
  0.9459401E-11
  0.1742421E-10
  0.1665795E-10
  0.9825089E-11
  0.1501195E-10
  0.1363353E-10
  0.3696349E-10
  0.2553400E-10
  0.6744079E-10
  0.4748866E-10
  0.1715134E-09
  0.1024504E-09
  0.1973047E-06
  0.6784214E-09
  0.3033278E-09
  0.3270415E-08
  0.4738997E-03
  0.2397319E-04
  0.1103676E-01
  0.4174927E-02
  0.1578890E-02
  0.6693010E-02
  0.2240154E-01
  0.1966397E-01
  0.2392199E-01
  0.2170719E-01
  0.2033233E-01
  0.2135671E-01
  0.4333166E-01
  0.2506480E-01
  0.9501238E-01
  0.7859242E-01
  0.1856851E-08
  0.2490033E-03
  0.2083575E-01
  0.3533779E-07
  0.3729745E-09
  0.1138129E-08
  0.3479655E-08
  0.1115115E-08
  0.3675211E-05
  0.2000590E-07
  0.3076596E-02
  0.5981965E-04
  0.1019950E+00
  0.8020018E-01
  0.9502549E-01
  0.7333877E-01
  0.5215370E-01
  0.6120001E-01
  0.1794276E+00
  0.9487475E-01
  0.5468961E-01
  0.1540431E+00
  0.4113373E-03
  0.1184626E-01
  0.9784130E-08
  0.2031103E-05
  0.5482387E-09
  0.2644536E-08
  0.7514615E-10
  0.2014106E-09
  0.4326668E-11
  0.1810222E-10
  0.8234133E-11
  0.4670608E-11
  0.1454915E-10
  0.1193153E-10
  0.1585203E-10
  0.1544969E-10
  0.1441916E-10
  0.6227007E+00
  0.8642419E+00
  0.7369214E+00
  0.4980792E+00
  0.2673291E+00
  0.6789405E-06
  0.1452348E-07
  0.6989293E-09
  0.6112192E-09
  0.4417745E+00
  0.9339059E+00
  0.1021123E+01
  0.8994238E+00
  0.6303479E+00
  0.3179138E+00
  0.1316820E+00
  0.1699689E-01
  0.2256658E-02
  0.7773842E-03
  0.4013883E-05
  0.2988815E-09
  0.4523381E-09
  0.1118970E-11
  0.7404684E-11
  0.5054024E-11
  0.8239007E-11
  0.1208754E-10
  0.1694966E-10
  0.2179125E-10
  0.2676995E-10
  0.2426921E-10
  0.1739630E-10
  0.2635677E-10
  0.2432449E-10
  0.6265021E+00
  0.2414423E-09
  0.6336121E+00
  0.5250652E-10
  0.1285206E-09
  0.5468518E-10
  0.1913699E+01
  0.2932023E-10
  0.1656028E-09
  0.8811552E-10
  0.1168014E-01
  0.4047731E-07
  0.1836070E-09
  0.6454148E-06
  0.4550164E-10
  0.5130851E+00
  0.4269160E+00
  0.4580620E+00
  0.6382572E+00
  0.9733347E+00
  0.1087595E+01
  0.7989593E+00
  0.2862905E+00
  0.4821910E-10
  0.2389065E-10
  0.8299004E-11
  0.7515669E-12
  0.2949869E-05
  0.6546068E+00
  0.9106592E+00
  0.6653102E+00
  0.2542159E+00
  0.8840768E-03
  0.4349812E-10
  0.1840027E-11
  0.7848489E-11
  0.2108958E-10
  0.8049660E-10
  0.1699010E-09
  0.1459784E+00
  0.2760517E+00
  0.5187492E+00
  0.7301713E+00
  0.6555320E+00
  0.4097669E+00
  0.1428027E-09
  0.1663345E-05
  0.8164478E-05
  0.1295465E-04
  0.2077491E-04
  0.1371423E-04
  0.5627010E-05
  0.2633934E-05
  0.1760402E-05
  0.1685569E-05
  0.1542412E-05
  0.7003657E-06
  0.2268592E-06
  0.4077276E-07
  0.6157821E-08
  0.1077718E-08
  0.8728765E-08
  0.5920791E-07
  0.1524311E-05
  0.1479916E-04
  0.1142294E-04
  0.2900192E-04
  0.6057470E-04
  0.1958321E-03
  0.1981271E-03
  0.7789003E-04
  0.3323641E-04
  0.1887221E-04
  0.3538264E-05
  0.5661044E-05
  0.8076213E-08
  0.5171102E-09
  0.1355994E-08
  0.1286917E-05
  0.2627485E-06
  0.4272643E-08
  0.4902372E-08
  0.1510949E-08
  0.2525652E-09
  0.2938705E-09
  0.2860460E-09
  0.5339463E-10
  0.1798402E-09
  0.4847304E-09
  0.1022626E-10
  0.4133206E-08
  0.1392402E-08
  0.6220981E-09
  0.6759700E-09
  0.2448380E-09
  0.2098530E-09
  0.1735700E-09
  0.1247160E-09
  0.8379618E-10
  0.5722190E-10
  0.4216372E-10
  0.3118821E-10
  0.2471668E-10
  0.2161241E-10
  0.2037973E-10
  0.2103493E-10
  0.2003390E-10
  0.1876195E-10
  0.1638589E-10
  0.1446695E-10
  0.1130629E-10
  0.7646111E-11
  0.4542590E-11
  0.3575470E-11
  0.4813691E-09
  0.2827693E-10
  0.4586124E-10
  0.1932814E-10
  0.3142342E-10
  0.2914272E-10
  0.1707971E-10
  0.1247193E-10
  0.1403209E-10
  0.8246121E-11
  0.8486344E-10
  0.6967012E-11
  0.2747755E-10
  0.2939836E+00
  0.1397909E+01
  0.2325241E-10
  0.1165140E-10
  0.1029813E-10
  0.1463115E-10
  0.2174112E-10
  0.8704529E+00
  0.4537839E+00
  0.9338387E+00
  0.2231666E+00
  0.2231653E+00
  0.3807763E+00
  0.6036122E+00
  0.7450795E-10
  0.2013825E-09
  0.3004472E+00
  0.7023090E+00
  0.3269582E+00
  0.6688531E+00
  0.8855251E+00
  0.6937891E+00
  0.2716545E-09
  0.3712443E-09
  0.1030258E-09
  0.6860956E-10
  0.4838538E-08
  0.3285374E-02
  0.5670248E-01
  0.9288809E-09
  0.1349987E-09
  0.3867991E-10
  0.3981341E-10
  0.1158016E+01
  0.7684939E-10
  0.2056331E+01
  0.2321396E-10
  0.4983406E+00
  0.6234213E+00
  0.9675821E-11
  0.8049685E-10
  0.3891766E-10
  0.1904497E-10
  0.3463020E-10
  0.2568440E-10
  0.5246711E-10
  0.1474703E-09
  0.7865807E-10
  0.4200368E-10
  0.1026183E-09
  0.3823089E-10
  0.7754824E-10
  0.1108267E+01
  0.7073085E+00
  0.6101781E-11
  0.8686213E-09
  0.1639331E-08
  0.9228633E+00
  0.6376839E+00
  0.3487819E+00
  0.2505540E+00
  0.6729039E-09
  0.6409915E-08
  0.1735431E-07
  0.6670683E+00
  0.1180351E+01
  0.9569819E+00
  0.6266935E-02
  0.7180309E+00
  0.6486269E+00
  0.5991699E+00
  0.1492260E+01
  0.5385648E-10
  0.3449183E-09
  0.1355841E-02
  0.6877373E+00
  0.2211357E-10
  0.1594280E+01
  0.2322172E+00
  0.1892223E+01
  0.4488219E+00
  0.1707282E-10
  0.7535829E-10
  0.1513644E-10
  0.1512390E-09
  0.7395264E-10
  0.4278985E-10
  0.4512270E-10
  0.5560533E-10
  0.9226406E-10
  0.7507753E-10
  0.4989534E-10
  0.1884888E-09
  0.1500165E-09
  0.1652796E-09
  0.1031765E-09
  0.8857696E-10
  0.8389126E-10
  0.4146184E-10
  0.6231497E-10
  0.3273626E-10
  0.4478499E-10
  0.5529392E-10
  0.4878698E-10
  0.3877448E-10
  0.3610770E-10
  0.2788611E-10
  0.3633513E-10
  0.7157654E-10
  0.6751533E-10
  0.7379953E-10
  0.5173847E-10
  0.5052774E-10
  0.5883364E-10
  0.5333737E-10
  0.4597493E-10
  0.8051179E-10
  0.9261870E-10
  0.8608825E-10
  0.9476836E-10
  0.9328917E-10
  0.8170864E-10
  0.1033057E-09
  0.8583029E-10
  0.8925656E-11
  0.6794428E-11
  0.1322858E-10
  0.3207336E-10
  0.2992591E-10
  0.3112719E-10
  0.7149144E-10
  0.5881845E-10
  0.6360961E-10
  0.1224088E-09
  0.1952891E-09
  0.8537660E-10
  0.6319536E-10
  0.4744173E-10
  0.2809444E-10
  0.4052180E-10
  0.2884479E-10
  0.2056853E-10
  0.1731792E-10
  0.6649992E-10
  0.5328617E-10
  0.4447280E-10
  0.4305525E-10
  0.6188836E-10
  0.8575410E-10
  0.8689158E-10
  0.5653944E-10
  0.2436855E-10
  0.2744313E-10
  0.3205108E-10
  0.1977552E-10
  0.1713250E-10
  0.1446955E-10
  0.7656763E-11
  0.1023052E-10
  0.8465019E-11
  0.1223356E-10
  0.1098741E-10
  0.2178128E-10
  0.1595845E-10
  0.1408952E-10
  0.1960058E-10
  0.2624995E-10
  0.7856189E-11
  0.1053364E-10
  0.1207335E-10
  0.1302233E-10
  0.1131767E-10
  0.1080233E-10
  0.9947812E-11
  0.1294367E-10
  0.6758148E-10
  0.2819471E-10
  0.1330030E-10
  0.1915670E-10
  0.2868796E-10
  0.7425682E-10
  0.6202305E-10
  0.3272358E-10
  0.7808125E-11
  0.1104565E-10
  0.1620828E-10
  0.1497860E-10
  0.1002646E-10
  0.6725180E-11
  0.3967550E-11
  0.7520187E-11
  0.2466627E-10
  0.2099879E-10
  0.2400536E-10
  0.3552458E-10
  0.3876431E-10
  0.4443363E-10
  0.7393769E-10
  0.6365982E-10
  0.3889953E-10
  0.3587264E-10
  0.4346091E-10
  0.4936756E-10
  0.4519132E-10
  0.4919213E-10
  0.6036224E-10
  0.5519977E-10
  0.1833544E-10
  0.1301607E-10
  0.9564013E-11
  0.1321600E-10
  0.1861973E-10
  0.2466708E-10
  0.3083542E-10
  0.2584023E-10
  0.1812034E-10
  0.1103517E-10
  0.1201794E-10
  0.1240577E-10
  0.1736160E-10
  0.7580012E-11
  0.1157176E-10
  0.1707297E-10
  0.1390758E-10
  0.1220416E-10
  0.1054807E-10
  0.1236435E-10
  0.1327642E-10
  0.2400048E-08
  0.2234330E-02
  0.1961244E+00
  0.5883421E-01
  0.7702465E-03
  0.8118302E-09
  0.2712325E-09
  0.1053058E-04
  0.1221572E+01
  0.3740666E+00
  0.5294577E-01
  0.3420764E-01
  0.1144879E+00
  0.2963570E+00
  0.1881677E+00
  0.2334636E+00
  0.1239246E+01
  0.7907274E+00
  0.5553674E+00
  0.4989647E+00
  0.6610565E+00
  0.8473196E+00
  0.3007073E+00
  0.5805208E+00
  0.4338311E+00
  0.1255795E+00
  0.7255111E-02
  0.7499919E-04
  0.8900018E-02
  0.1578853E+00
  0.3009369E-01
  0.2361170E-03
  0.3373973E-02
  0.1283158E-04
  0.1807205E-07
  0.4023926E-05
  0.1298223E-03
  0.5861427E-02
  0.2650167E+00
  0.9699463E-01
  0.2452952E-09
  0.2915653E-09
  0.4325048E-09
  0.5151157E-08
  0.6000731E-09
  0.4230923E-09
  0.3594081E-09
  0.4031122E-08
  0.8275225E-11
  0.3960910E-11
  0.1884977E-11
  0.6868109E-12
  0.2328883E-11
  0.3216996E-11
  0.6607124E-11
  0.2848802E-11
  0.3645048E-09
  0.3338855E-09
  0.2552143E-09
  0.1411007E-09
  0.1586309E-09
  0.2329888E-09
  0.1452636E-09
  0.1155228E-09
  0.1753005E+00
  0.2676941E+00
  0.3284097E+00
  0.3630650E+00
  0.2971744E+00
  0.2449832E+00
  0.3261669E+00
  0.3600917E+00
  0.5217761E+00
  0.4444631E+00
  0.3853539E+00
  0.4679739E+00
  0.5379093E+00
  0.5947300E+00
  0.6756274E+00
  0.6459432E+00
  0.5866869E+00
  0.6769489E+00
  0.7400194E+00
  0.8388965E+00
  0.8276821E+00
  0.7744900E+00
  0.1026889E+01
  0.9544034E+00
  0.5252134E+00
  0.6570457E+00
  0.8628218E+00
  0.5550605E+00
  0.4968920E+00
  0.4399401E+00
  0.3883244E+00
  0.4061951E+00
  0.4195565E+00
  0.5276923E+00
  0.8241527E+00
  0.5104251E+00
  0.4026455E+00
  0.3201802E+00
  0.3320906E+00
  0.3474065E+00
  0.4096415E+00
  0.3741700E+00
  0.3306208E+00
  0.3352607E+00
  0.4921103E+00
  0.6839060E+00
  0.9237329E+00
  0.5350344E+00
  0.7255424E-10
  0.7191406E-10
  0.8028079E-10
  0.1246753E-09
  0.1105863E-09
  0.9014808E-10
  0.1211446E-09
  0.1545778E-09
  0.5382023E-09
  0.3425532E-05
  0.4238943E-02
  0.6520192E-01
  0.1107180E-02
  0.7834236E-06
  0.6355745E-03
  0.2644269E-01
  0.6338545E+00
  0.4568017E+00
  0.8663440E-01
  0.3624264E+00
  0.4793255E+00
  0.5999390E+00
  0.5712427E+00
  0.4547955E+00
  0.9326293E-10
  0.3031456E+00
  0.2422333E+00
  0.2592739E+00
  0.2542258E+00
  0.6011794E+00
  0.4842863E+00
  0.4009610E+00
  0.4536463E+00
  0.4837929E+00
  0.1002442E+01
  0.5684991E+00
  0.5533401E+00
  0.5337615E+00
  0.4890425E+00
  0.4564003E+00
  0.4872685E+00
  0.5747398E+00
  0.6483135E+00
  0.9055822E+00
  0.7314311E+00
  0.1051920E+01
  0.8877616E+00
  0.6713547E+00
  0.9247728E+00
  0.1027930E+01
  0.1001079E+01
  0.1048146E+01
  0.1109134E+01
  0.4838327E+00
  0.3923313E+00
  0.3134691E+00
  0.5443131E+00
  0.4706531E+00
  0.4318084E+00
  0.5122194E+00
  0.5529648E+00
  0.6278679E+00
  0.6888655E+00
  0.6297953E+00
  0.4803960E+00
  0.4143239E+00
  0.3627404E+00
  0.2999312E+00
  0.3185080E+00
  0.3915031E+00
  0.3578943E+00
  0.2810764E+00
  0.2888825E+00
  0.2968277E+00
  0.3181708E+00
  0.3419898E+00
  0.2780158E+00
  0.2513805E+00
  0.1716005E+00
  0.2732004E+00
  0.3594775E+00
  0.4045713E+00
  0.4461174E+00
  0.4908345E+00
  0.4368853E+00
  0.3902049E+00
  0.4088796E+00
  0.4692234E+00
  0.7430187E+00
  0.7043853E+00
  0.6670721E+00
  0.7935221E+00
  0.7736446E+00
  0.7777499E+00
  0.8000361E+00
  0.8591829E+00
  0.1513391E+01
  0.1171249E+01
  0.6956722E+00
  0.6594170E+00
  0.9437253E+00
  0.1211406E+01
  0.1072412E+01
  0.8520310E+00
  0.1035766E+01
  0.9239279E+00
  0.8157644E+00
  0.1208675E+01
  0.1111131E+01
  0.1035412E+01
  0.1138309E+01
  0.1348767E+01
  0.1733713E-09
  0.6072126E+00
  0.6474509E+00
  0.6741881E+00
  0.7552880E+00
  0.6990042E+00
  0.5952606E+00
  0.5957804E+00
  0.7141552E+00
  0.6667245E+00
  0.6416560E+00
  0.6559995E+00
  0.6340919E+00
  0.6187931E+00
  0.6265546E+00
  0.5848269E+00
  0.5913910E+00
  0.4469000E+00
  0.3426581E-01
  0.8577964E-04
  0.7978163E-03
  0.6474170E-01
  0.5305117E+00
  0.6518228E+00
  0.1445091E+00
  0.7536333E+00
  0.2942739E+00
  0.3064602E-01
  0.8269443E-01
  0.4440047E+00
  0.7927692E+00
  0.1096318E+01
  0.6355265E+00
  0.1668013E+00
  0.6923424E-01
  0.1339911E-01
  0.2410965E+00
  0.5123732E+00
  0.6754549E+00
  0.9742415E+00
  0.9982009E+00
  0.1889429E+00
  0.1839267E+00
  0.3174281E+00
  0.6311341E+00
  0.1045181E+01
  0.8537953E+00
  0.9053009E+00
  0.1343401E+01
  0.1796080E+01
  0.1040764E+01
  0.1109017E+01
  0.6856034E+00
  0.6351143E+00
  0.8116228E+00
  0.9537295E+00
  0.8232659E+00
  0.7589067E+00
  0.7282459E+00
  0.7207481E+00
  0.7362853E+00
  0.7490954E+00
  0.7239741E+00
  0.7107662E+00
  0.8303274E+00
  0.7769592E+00
  0.6710055E+00
  0.6237073E+00
  0.6940249E+00
  0.4861405E+00
  0.5160679E+00
  0.5612550E+00
  0.5543923E+00
  0.4124255E+00
  0.7806757E+00
  0.7617982E+00
  0.7659823E+00
  0.7457160E+00
  0.7388743E+00
  0.7602900E+00
  0.7255209E+00
  0.7131023E+00
  0.7918781E+00
  0.8983310E+00
  0.1103547E+01
  0.8102055E+00
  0.8108983E+00
  0.7695074E+00
  0.7271345E+00
  0.7192641E+00
  0.6514130E+00
  0.5528328E+00
  0.5147213E+00
  0.6177220E+00
  0.6269973E+00
  0.6739537E+00
  0.6873475E+00
  0.6642173E+00
  0.6916880E+00
  0.6811862E+00
  0.7048741E+00
  0.6802809E+00
  0.6720656E+00
  0.6896208E+00
  0.6895752E+00
  0.6599565E+00
  0.7164162E+00
  0.6493647E+00
  0.5923341E+00
  0.5324527E+00
  0.6824178E+00
  0.7517952E+00
  0.8537146E+00
  0.6425311E+00
  0.5835763E+00
  0.4743850E+00
  0.4447110E+00
  0.1155054E-09
  0.1535873E-09
  0.1574512E-09
  0.1191515E-09
  0.2096557E-09
  0.9902682E-10
  0.1040638E-09
  0.1949441E-09
  0.9650981E-10
  0.1190196E-09
  0.1355581E-09
  0.9156871E+00
  0.7514206E+00
  0.6815713E+00
  0.6770588E+00
  0.7775593E+00
  0.7468377E+00
  0.6839674E+00
  0.7554162E+00
  0.3591671E+00
  0.3893512E+00
  0.4403277E+00
  0.3619706E+00
  0.3225725E+00
  0.2717541E+00
  0.1720458E+00
  0.2566708E+00
  0.1502431E+01
  0.5937796E+00
  0.1955708E+00
  0.2545396E+00
  0.7688460E+00
  0.1256975E+01
  0.1158365E+01
  0.9030763E+00
  0.1249802E+01
  0.9953710E+00
  0.6403828E+00
  0.8681537E+00
  0.1103568E+01
  0.1308100E+01
  0.1305993E+01
  0.1164402E+01
  0.1351701E+01
  0.1271880E+01
  0.1196445E+01
  0.1301562E+01
  0.1291137E+01
  0.1341542E+01
  0.1230382E+01
  0.1195723E+01
  0.1170589E+01
  0.1338880E+01
  0.1244178E+01
  0.1337440E+01
  0.1434948E+01
  0.1171651E+01
  0.1185594E+01
  0.1371151E+01
  0.1092894E+01
  0.9095927E+00
  0.7159718E+00
  0.1128546E+01
  0.1284732E+01
  0.1395196E+01
  0.1959001E+01
  0.1540511E+01
  0.6540354E+00
  0.7232381E+00
  0.7906119E+00
  0.1149840E+01
  0.1149828E+01
  0.1114152E+01
  0.1310762E+01
  0.1230014E+01
  0.8909246E+00
  0.9767979E+00
  0.1458970E+01
  0.1130680E+01
  0.1151677E+01
  0.1160169E+01
  0.1155433E+01
  0.1085105E+01
  0.1232023E+01
  0.8450973E+00
  0.6602207E+00
  0.7420561E+00
  0.8958809E+00
  0.1010143E+01
  0.9493701E+00
  0.8554653E+00
  0.4256092E+00
  0.4642934E+00
  0.4763037E+00
  0.4441952E+00
  0.4335631E+00
  0.4166603E+00
  0.3879219E+00
  0.4130916E+00
  0.1953582E+00
  0.2921346E+00
  0.3424132E+00
  0.3368023E+00
  0.2927166E+00
  0.2676009E+00
  0.3119324E+00
  0.3209325E+00
  0.3468785E+00
  0.2839390E+00
  0.1922085E+00
  0.2622628E+00
  0.2994127E+00
  0.3332174E+00
  0.9649474E-01
  0.3279072E+00
  0.6068847E+00
  0.7358170E+00
  0.1056413E+01
  0.4790872E+00
  0.6190308E+00
  0.5308124E+00
  0.4583554E+00
  0.4313079E+00
  0.4054107E+00
  0.2513456E+00
  0.2410703E+00
  0.3299907E-01
  0.6141868E-03
  0.1867894E-06
  0.2735280E-09
  0.2520656E-09
  0.1090842E-09
  0.7621786E-11
  0.5128421E-10
  0.7235408E-10
  0.8147931E-10
  0.8179070E-10
  0.8525017E-10
  0.5960302E-10
  0.6400273E-10
  0.5320140E-10
  0.4200565E-10
  0.4659780E-10
  0.1270744E+01
  0.1056987E+01
  0.1606368E+01
  0.2959743E+00
  0.2922480E+00
  0.5834277E+00
  0.2367220E-10
  0.1402124E+01
  0.1403036E+01
  0.1395074E+01
  0.1387498E+01
  0.1363400E+01
  0.1342870E+01
  0.1192378E+01
  0.1261495E+01
  0.1409486E+01
  0.1305249E+01
  0.1260311E+01
  0.1240481E+01
  0.1249842E+01
  0.1191783E+01
  0.1061831E+01
  0.1070537E+01
  0.4381281E+00
  0.4328880E+00
  0.4519909E+00
  0.4110068E+00
  0.3902550E+00
  0.4564578E+00
  0.4855440E+00
  0.3898629E+00
  0.3155329E+00
  0.4603185E+00
  0.4948996E+00
  0.6070237E+00
  0.5160476E+00
  0.4523076E+00
  0.5653927E+00
  0.6286045E+00
  0.5802940E+00
  0.4854803E+00
  0.3161245E+00
  0.4770513E+00
  0.5741971E+00
  0.6927549E+00
  0.8977542E+00
  0.7081121E+00
  0.3051649E-11
  0.1564047E+01
  0.1374484E+01
  0.1412643E+01
  0.1384079E+01
  0.1432065E+01
  0.1436166E+01
  0.1438951E+01
  0.1625582E+01
  0.1440568E+01
  0.3246825E-10
  0.4887459E-10
  0.3903295E-10
  0.3273245E-10
  0.2516105E-10
  0.2658012E-10
  0.3168879E-10
  0.9076780E+00
  0.8494116E+00
  0.7866753E+00
  0.7964963E+00
  0.8286884E+00
  0.8742902E+00
  0.8453756E+00
  0.8115114E+00
  0.1101047E+01
  0.1034546E+01
  0.9673119E+00
  0.9207857E+00
  0.9721669E+00
  0.1028691E+01
  0.9570910E+00
  0.9175600E+00
  0.1289820E+01
  0.1224249E+01
  0.1166036E+01
  0.1089707E+01
  0.1147209E+01
  0.1201072E+01
  0.1102028E+01
  0.1049031E+01
  0.1839079E+01
  0.1565497E+01
  0.1445670E+01
  0.1308629E+01
  0.1385686E+01
  0.1428516E+01
  0.1195803E+01
  0.1188109E+01
  0.3220342E+00
  0.4630120E+00
  0.6370259E+00
  0.4173525E+00
  0.3036336E+00
  0.2562516E+00
  0.2289349E+00
  0.2902477E+00
  0.3406075E-07
  0.3275650E-09
  0.2012511E-09
  0.4252445E-09
  0.6893286E-09
  0.3495862E-08
  0.6393262E-08
  0.2175764E-02
  0.6345761E-03
  0.2014354E-03
  0.5715262E-01
  0.8452521E-01
  0.1253352E+00
  0.3028441E+00
  0.2802055E+00
  0.9608043E+00
  0.8670706E+00
  0.7907061E+00
  0.8247345E+00
  0.9075849E+00
  0.9536515E+00
  0.1138256E+01
  0.8965574E+00
  0.8431684E+00
  0.7850575E+00
  0.7439325E+00
  0.7054382E+00
  0.8400266E+00
  0.8707109E+00
  0.1047933E+01
  0.8290474E+00
  0.7639237E+00
  0.8196297E+00
  0.9198825E+00
  0.9225980E+00
  0.8859712E+00
  0.7997542E+00
  0.8153732E+00
  0.9368681E+00
  0.6365170E+00
  0.7594340E+00
  0.9848055E+00
  0.8680755E+00
  0.7637885E+00
  0.6316243E+00
  0.5610238E+00
  0.6669187E+00
  0.4373380E+00
  0.4665069E+00
  0.5010716E+00
  0.4878916E+00
  0.4565280E+00
  0.4276643E+00
  0.4146767E+00
  0.4334712E+00
  0.3727596E+00
  0.3917343E+00
  0.4178922E+00
  0.4054069E+00
  0.3813427E+00
  0.3650149E+00
  0.3498576E+00
  0.3599521E+00
  0.3189536E+00
  0.3318984E+00
  0.3461739E+00
  0.3451593E+00
  0.3286037E+00
  0.3343787E+00
  0.3560223E+00
  0.3292642E+00
  0.1185864E-01
  0.1870936E+00
  0.3601778E+00
  0.2552655E+00
  0.4785866E-01
  0.6334448E-03
  0.1052835E-04
  0.6758942E-02
  0.3147567E-08
  0.1392191E-07
  0.5771459E-04
  0.8587058E-07
  0.1297565E-08
  0.3113140E-08
  0.1051343E-08
  0.1342454E-08
  0.8849716E-03
  0.1080521E-06
  0.1511891E-07
  0.4649174E-08
  0.3248700E-08
  0.4146512E-05
  0.2603627E-08
  0.3148932E-08
  0.4566220E+00
  0.2940398E+00
  0.3670600E-01
  0.2773811E-02
  0.7741616E-01
  0.3024333E+00
  0.1614297E+00
  0.8740740E-02
  0.2039956E+00
  0.3045890E+00
  0.3616859E+00
  0.3558461E+00
  0.2964000E+00
  0.2699970E+00
  0.2931815E+00
  0.3095298E+00
  0.1012492E+01
  0.6935752E+00
  0.6038177E+00
  0.5592370E+00
  0.6196601E+00
  0.7098867E+00
  0.5696963E+00
  0.5298454E+00
  0.4607382E+00
  0.5717928E+00
  0.7884021E+00
  0.6114391E+00
  0.5429559E+00
  0.4694955E+00
  0.4600041E+00
  0.5200460E+00
  0.6203610E+00
  0.6726503E+00
  0.8404314E+00
  0.7380044E+00
  0.7178264E+00
  0.6521193E+00
  0.7170311E+00
  0.7366657E+00
  0.4541468E+00
  0.5045816E+00
  0.5562322E+00
  0.5503322E+00
  0.4947538E+00
  0.4718972E+00
  0.4796311E+00
  0.5115582E+00
  0.5843121E+00
  0.5874945E+00
  0.5900445E+00
  0.6305959E+00
  0.6348580E+00
  0.6389044E+00
  0.6615808E+00
  0.6696037E+00
  0.4946937E+00
  0.5200004E+00
  0.5541276E+00
  0.5556007E+00
  0.5248651E+00
  0.5106068E+00
  0.5064721E+00
  0.5194959E+00
  0.5841362E+00
  0.5338420E+00
  0.5320698E+00
  0.5136701E+00
  0.5268409E+00
  0.5423812E+00
  0.4846059E+00
  0.4748493E+00
  0.5217367E+00
  0.4980678E+00
  0.4662718E+00
  0.4576297E+00
  0.4788573E+00
  0.4972621E+00
  0.4788648E+00
  0.4862462E+00
  0.4256900E+00
  0.3774916E+00
  0.3483930E+00
  0.3240467E+00
  0.3759031E+00
  0.4124402E+00
  0.4312772E+00
  0.3696853E+00
  0.3332363E+00
  0.3134440E+00
  0.3088407E+00
  0.3173039E+00
  0.3180044E+00
  0.3356817E+00
  0.3192268E+00
  0.3142985E+00
  0.3050523E+00
  0.3312836E+00
  0.2362383E+00
  0.1358405E+00
  0.3493541E+00
  0.3149234E+00
  0.3299673E+00
  0.2240376E+00
  0.3472373E-01
  0.4088252E-03
  0.4193358E-07
  0.9719108E-09
  0.3275229E-05
  0.4264747E-02
  0.2789924E-03
  0.5271759E-08
  0.1268734E-08
  0.1850347E-08
  0.1476707E-08
  0.1255196E-08
  0.1432044E-08
  0.1579872E-08
  0.1207641E-08
  0.1086155E-08
  0.1128231E-08
  0.8843327E-09
  0.7218313E-09
  0.9536803E-09
  0.8678542E-09
  0.9865230E-09
  0.8694049E-09
  0.7037799E-09
  0.2956245E-07
  0.4382423E-03
  0.3459066E-01
  0.3901257E-02
  0.5355947E-05
  0.6467024E-09
  0.6236763E-09
  0.8954426E-08
  0.2237499E+00
  0.3329188E+00
  0.3263295E+00
  0.3188925E+00
  0.3124815E+00
  0.1037578E+00
  0.1619312E-01
  0.1694592E+00
  0.3383187E+00
  0.3537766E+00
  0.3725914E+00
  0.3541523E+00
  0.3371093E+00
  0.3226748E+00
  0.3059443E+00
  0.3203794E+00
  0.3926175E+00
  0.4136683E+00
  0.4406657E+00
  0.4080753E+00
  0.3928816E+00
  0.3724679E+00
  0.3502600E+00
  0.3709357E+00
  0.4944097E+00
  0.5723944E+00
  0.8062247E+00
  0.4963825E+00
  0.4503864E+00
  0.4264426E+00
  0.3828043E+00
  0.3849919E+00
  0.7794644E+00
  0.5717348E+00
  0.4848800E+00
  0.4237243E+00
  0.5094659E+00
  0.5176180E+00
  0.3965968E+00
  0.4185005E+00
  0.1076066E+01
  0.7138838E+00
  0.6001133E+00
  0.5738843E+00
  0.6333010E+00
  0.8069801E+00
  0.6617879E+00
  0.5808710E+00
  0.5017096E+00
  0.4735430E+00
  0.4645368E+00
  0.4589086E+00
  0.4529449E+00
  0.4732298E+00
  0.3927830E+00
  0.3545081E+00
  0.3473295E+00
  0.3373544E+00
  0.4718688E+00
  0.3095172E+00
  0.2507352E+00
  0.4998455E+00
  0.2443926E-03
  0.1105827E-01
  0.2190556E+00
  0.1251979E-04
  0.1904736E+00
  0.3045282E+00
  0.3962403E+00
  0.4012867E+00
  0.3962394E+00
  0.5095995E+00
  0.4137384E+00
  0.4093955E+00
  0.4023827E+00
  0.3501787E+00
  0.3353043E+00
  0.3916038E+00
  0.3582592E+00
  0.2872559E+00
  0.4059026E+00
  0.4384180E+00
  0.4622352E+00
  0.4496266E+00
  0.4067135E+00
  0.3740541E+00
  0.3072006E+00
  0.3491735E+00
  0.5363187E+00
  0.4794722E+00
  0.4807771E+00
  0.4783504E+00
  0.4998708E+00
  0.5939505E+00
  0.5493989E+00
  0.4773364E+00
  0.4486089E+00
  0.4565507E+00
  0.4647729E+00
  0.4349097E+00
  0.3786906E+00
  0.4366758E+00
  0.4336139E+00
  0.3517395E+00
  0.4080038E+00
  0.4143741E+00
  0.5318495E+00
  0.4798279E+00
  0.3163013E+00
  0.4284473E+00
  0.4916777E+00
  0.2155342E+00
  0.4951116E+00
  0.5579084E+00
  0.2456205E+00
  0.3106588E+00
  0.3382214E+00
  0.3773330E+00
  0.3921585E+00
  0.3666322E+00
  0.1338107E+00
  0.4651599E-02
  0.3669528E-03
  0.2991171E-01
  0.2459006E+00
  0.6814450E-01
  0.4848072E-02
  0.3426311E-05
  0.6310493E-09
  0.1211388E-08
  0.1177028E-08
  0.8381963E-09
  0.1059867E-07
  0.9967887E-09
  0.1666064E-08
  0.1062628E-08
  0.9992574E-09
  0.8354053E-09
  0.6892652E-09
  0.8376136E-09
  0.9135433E-09
  0.8935226E-09
  0.6159382E-09
  0.6987496E-09
  0.6806971E-09
  0.6810899E-09
  0.5783517E-09
  0.5763398E-09
  0.6081912E-09
  0.5134330E-09
  0.5083869E-09
  0.9373996E-09
  0.7033105E-09
  0.6460579E-06
  0.6893546E-09
  0.8408556E-09
  0.6511465E-09
  0.5802187E-09
  0.6633727E-09
  0.9652873E-03
  0.3301833E-01
  0.2169148E+00
  0.4207718E-01
  0.2250095E-02
  0.6222057E-05
  0.2553208E-08
  0.1394163E-04
  0.2920925E+00
  0.2948322E+00
  0.3101937E+00
  0.2815164E+00
  0.2946233E+00
  0.2115562E+00
  0.3702713E-01
  0.1904672E+00
  0.3265946E+00
  0.3457756E+00
  0.3520757E+00
  0.3176164E+00
  0.3271492E+00
  0.2984743E+00
  0.2648377E+00
  0.2619184E+00
  0.3463672E+00
  0.3493714E+00
  0.3082174E+00
  0.2573787E+00
  0.3085088E+00
  0.3225036E+00
  0.2842407E+00
  0.3027929E+00
  0.2866175E+00
  0.3215524E+00
  0.3893281E+00
  0.6267895E+00
  0.5583674E+00
  0.4697062E+00
  0.4343564E+00
  0.4685293E+00
  0.5046208E+00
  0.4795959E+00
  0.4412241E+00
  0.3799519E+00
  0.2596027E+00
  0.2875067E+00
  0.4148019E+00
  0.4782514E+00
  0.8043619E+00
  0.3414803E+00
  0.2353605E+00
  0.2755251E+00
  0.4480875E+00
  0.2936288E+00
  0.2940967E+00
  0.6445065E+00
  0.1236419E+01
  0.3275168E+00
  0.3213835E+00
  0.4990411E+00
  0.1098478E+01
  0.9563298E-07
  0.5068084E-03
  0.1648829E-01
  0.1458848E-08
  0.2008814E-08
  0.9062364E-09
  0.4463536E-09
  0.3728886E-09
  0.9123318E-09
  0.4467469E-09
  0.4377481E-09
  0.4668249E-09
  0.3913613E-09
  0.3509403E-09
  0.4463260E-09
  0.5208596E-09
  0.6136522E-09
  0.7411090E-09
  0.6374960E-09
  0.5448314E-09
  0.4629328E-09
  0.4138200E-09
  0.5175906E-09
  0.6326538E-09
  0.5293464E-08
  0.1161888E-04
  0.1551027E-08
  0.8989585E-09
  0.7984361E-09
  0.6599984E-09
  0.8263887E-09
  0.1739787E-02
  0.2496932E-01
  0.8261037E-01
  0.2523595E-02
  0.7197052E-03
  0.2878886E-05
  0.5427062E-09
  0.2653628E+00
  0.1766216E+00
  0.2269107E+00
  0.2860666E+00
  0.2657725E+00
  0.6936938E+00
  0.1529507E+01
  0.4168390E+00
  0.3745157E+00
  0.4534888E+00
  0.4721534E+00
  0.5357346E+00
  0.8730340E+00
  0.5437048E-05
  0.9601583E-09
  0.6889289E-09
  0.8002250E-09
  0.5549542E-09
  0.3906054E-09
  0.5089016E-09
  0.5213647E-09
  0.9694318E+00
  0.9909986E+00
  0.9886449E+00
  0.8191692E+00
  0.8096215E+00
  0.7838793E+00
  0.3281426E+00
  0.4829094E+00
  0.9738834E+00
  0.9521805E+00
  0.9164224E+00
  0.8651283E+00
  0.8636992E+00
  0.8474501E+00
  0.7573245E+00
  0.8413316E+00
  0.8833692E+00
  0.8567065E+00
  0.8283561E+00
  0.7801140E+00
  0.8182467E+00
  0.8527669E+00
  0.8494245E+00
  0.8036349E+00
  0.7941501E+00
  0.7646671E+00
  0.7520547E+00
  0.6981124E+00
  0.7174938E+00
  0.7378398E+00
  0.6453911E+00
  0.5816795E+00
  0.7897347E+00
  0.8515075E+00
  0.1074743E+01
  0.7217783E+00
  0.6887937E+00
  0.6894666E+00
  0.4165881E+00
  0.3406715E+00
  0.3659677E+00
  0.3185558E+00
  0.2845911E+00
  0.7519636E-02
  0.1159051E-01
  0.1899256E-01
  0.1311657E-04
  0.2765660E-05
  0.2646525E+00
  0.2428787E+00
  0.2273379E+00
  0.2470313E-02
  0.3670523E-02
  0.5409508E-02
  0.1945653E-06
  0.5473245E-07
  0.1977080E+00
  0.1447472E+00
  0.1021793E+00
  0.2241146E-03
  0.6554113E-03
  0.1490368E-02
  0.3146554E-08
  0.1008957E-08
  0.6259430E-01
  0.3427282E-01
  0.3160750E-01
  0.2852248E-05
  0.9723236E-05
  0.5205621E-04
  0.6857015E-09
  0.6384030E-09
  0.1248657E+01
  0.1345402E+01
  0.1485582E+01
  0.9810144E+00
  0.1035697E+01
  0.1009045E+01
  0.8143769E+00
  0.6146328E+00
  0.1091611E+01
  0.1135756E+01
  0.1178652E+01
  0.1013264E+01
  0.1024349E+01
  0.1037460E+01
  0.1034981E+01
  0.1004294E+01
  0.1003362E+01
  0.1011574E+01
  0.1056785E+01
  0.1016359E+01
  0.9929501E+00
  0.9760444E+00
  0.9482617E+00
  0.9845523E+00
  0.1078382E+01
  0.9781161E+00
  0.9850320E+00
  0.9499624E+00
  0.9036254E+00
  0.8943161E+00
  0.7621218E+00
  0.8300522E+00
  0.6100832E+00
  0.6883547E+00
  0.1007641E+01
  0.7832506E+00
  0.7146868E+00
  0.5891266E+00
  0.3918116E+00
  0.5165913E+00
  0.1015789E+01
  0.7588121E+00
  0.6546774E+00
  0.5675428E+00
  0.5677790E+00
  0.6353167E+00
  0.1989407E+00
  0.2404763E+00
  0.8073600E+00
  0.9983246E+00
  0.1077038E+01
  0.5967033E+00
  0.5318906E+00
  0.3447485E+00
  0.3800234E-01
  0.9202028E-01
  0.7705348E+00
  0.7770509E+00
  0.8023295E+00
  0.2570855E+00
  0.1810788E+00
  0.1506253E+00
  0.3265780E-02
  0.6208712E-02
  0.1153550E+01
  0.9514228E+00
  0.7701976E+00
  0.1474233E+00
  0.1932420E+00
  0.2036697E+00
  0.1508522E-02
  0.2117906E-02
  0.5435407E+00
  0.7268743E+00
  0.1060140E+01
  0.1557168E+00
  0.8376794E-01
  0.3329567E-01
  0.4831192E-04
  0.3224803E-03
  0.3997179E+00
  0.4288121E+00
  0.4601158E+00
  0.1760651E-01
  0.9928903E-02
  0.4030433E-02
  0.2761424E-07
  0.3955457E-06
  0.1929387E+00
  0.7537816E-03
  0.1139729E-08
  0.3457993E-09
  0.4648801E-04
  0.1543481E-01
  0.1009263E-03
  0.1597014E-07
  0.3698418E-09
  0.3035893E-09
  0.5343974E-08
  0.3267060E-09
  0.4292176E-09
  0.2822414E-09
  0.3126312E-09
  0.4298801E-09
  0.2061325E+00
  0.7807522E+00
  0.1154424E+01
  0.8470827E+00
  0.5255898E+00
  0.6424727E-01
  0.1027020E-01
  0.1975996E+00
  0.4167093E-09
  0.3668604E-06
  0.9524213E-02
  0.1830400E-05
  0.5922441E-08
  0.3508799E-09
  0.3533012E-09
  0.4327248E-09
  0.2404326E-09
  0.2476582E-09
  0.2644680E-09
  0.1917810E-09
  0.1865251E-09
  0.1889774E-09
  0.1364827E-09
  0.1175427E-09
  0.7245983E-10
  0.4290947E-10
  0.2311504E-10
  0.1096849E-09
  0.1152187E-09
  0.1218533E-09
  0.1466721E-09
  0.1400222E-09
  0.1161228E-09
  0.1662346E-09
  0.1877339E-09
  0.9637686E-10
  0.9605364E-10
  0.1010038E-09
  0.8600122E-10
  0.6699082E-10
  0.5832069E-10
  0.3430967E-03
  0.2362373E-01
  0.3318021E+00
  0.1032738E+00
  0.1033947E-02
  0.3509791E-06
  0.5831543E-09
  0.1501563E-04
  0.5042500E-09
  0.1530734E-07
  0.6358363E-03
  0.1260365E-04
  0.6195409E-09
  0.6351851E-09
  0.4964617E-09
  0.3787230E-09
  0.1302449E-08
  0.4435554E-09
  0.2638419E-09
  0.2778888E-09
  0.3760455E-09
  0.5447682E-09
  0.3298141E-09
  0.2221519E-09
  0.1236091E-09
  0.1765853E-09
  0.4383702E-08
  0.1996571E-06
  0.7113567E-10
  0.6811379E-10
  0.4906337E-10
  0.4432858E-10
  0.7936377E-10
  0.8407157E-10
  0.9405150E-10
  0.5238790E-10
  0.4269863E-10
  0.3731354E-10
  0.1829029E-10
  0.3078832E-10
  0.2983731E+00
  0.4295767E+00
  0.5690605E+00
  0.6640218E+00
  0.5384213E+00
  0.4296659E+00
  0.4234368E+00
  0.4462483E+00
  0.6750393E+00
  0.5089138E+00
  0.3658894E+00
  0.4199572E+00
  0.4389864E+00
  0.5557133E+00
  0.4403927E+00
  0.4345916E+00
  0.1015445E+01
  0.9160123E+00
  0.7933574E+00
  0.6690919E+00
  0.8276518E+00
  0.9437519E+00
  0.5507686E+00
  0.4985896E+00
  0.1246469E+01
  0.1196000E+01
  0.1114083E+01
  0.1029534E+01
  0.1082873E+01
  0.1116270E+01
  0.8743850E+00
  0.7532512E+00
  0.1515771E+01
  0.1270763E+01
  0.1244669E+01
  0.1128792E+01
  0.1117524E+01
  0.1142086E+01
  0.1091250E+01
  0.1049915E+01
  0.6856396E+00
  0.8533622E+00
  0.1188044E+01
  0.1122230E+01
  0.9926627E+00
  0.7577144E+00
  0.9472673E+00
  0.1063166E+01
  0.2418370E+00
  0.4461271E+00
  0.5921628E+00
  0.6060681E+00
  0.4850393E+00
  0.3947181E+00
  0.4238545E+00
  0.6141638E+00
  0.1056730E-03
  0.6579830E-02
  0.5134940E-01
  0.2290080E+00
  0.6543193E-01
  0.3014520E-02
  0.1141617E-01
  0.1926819E+00
  0.2730080E-10
  0.3323285E-10
  0.4347850E-10
  0.4081144E-10
  0.3345395E-10
  0.2781515E-10
  0.3001102E-10
  0.3902208E-10
  0.3452352E-10
  0.2299875E-10
  0.2067240E-10
  0.1658564E-10
  0.1411900E-10
  0.1884520E-10
  0.3658578E-11
  0.4047708E-11
  0.2120568E-10
  0.1144576E-10
  0.3723062E-11
  0.2679473E-11
  0.1673765E-11
  0.4089144E-11
  0.1222193E-10
  0.9403755E-11
  0.6717904E-11
  0.2823035E-11
  0.4216995E-11
  0.6436208E-11
  0.3290524E-11
  0.1138514E-11
  0.1710371E-03
  0.6324396E-06
  0.5764965E-09
  0.4509419E-06
  0.3348580E-02
  0.4345773E-01
  0.4854578E+00
  0.3137111E-01
  0.8004486E+00
  0.2368218E+00
  0.1372086E-01
  0.2698804E+00
  0.6016301E+00
  0.7020189E+00
  0.8731464E+00
  0.7649249E+00
  0.9727680E+00
  0.9579633E+00
  0.1045699E+01
  0.7678850E+00
  0.9220794E+00
  0.8983525E+00
  0.8328294E+00
  0.9094838E+00
  0.1118097E+01
  0.1043766E+01
  0.9877197E+00
  0.8822954E+00
  0.8511035E+00
  0.8303878E+00
  0.4664367E+00
  0.5390181E+00
  0.9318473E-02
  0.1666211E+00
  0.2639444E+00
  0.2456600E+00
  0.2001926E+00
  0.5051562E-01
  0.8546048E-01
  0.1850759E+00
  0.1279364E-09
  0.1075519E-09
  0.4708636E-05
  0.1930395E-03
  0.1585388E-09
  0.6399338E-10
  0.2118815E-10
  0.2399572E-09
  0.5382022E-10
  0.6342869E-10
  0.7825564E-10
  0.5981169E-10
  0.5218382E-10
  0.4800846E-10
  0.5335701E-10
  0.5557347E-10
  0.1010005E-10
  0.1195960E-10
  0.1119018E-10
  0.4509767E-11
  0.6706400E-11
  0.8365856E-11
  0.5431903E-11
  0.3349867E-11
  0.8706924E-11
  0.7562379E-11
  0.9599517E-11
  0.8196669E-11
  0.9528407E-11
  0.1231407E-10
  0.1430927E-10
  0.1072675E-10
  0.3436856E-10
  0.2341678E-10
  0.1422341E-10
  0.1651391E-10
  0.2517572E-10
  0.3989261E-10
  0.5240141E-10
  0.3269550E-10
  0.4435489E-11
  0.8001929E-10
  0.6033582E-10
  0.5932015E-10
  0.9444171E-10
  0.1025670E-09
  0.1196025E-09
  0.1092795E-09
  0.7490795E-07
  0.1936153E-09
  0.1368262E-10
  0.1100531E-09
  0.3022314E-08
  0.2542022E-03
  0.4092611E-02
  0.4931978E-07
  0.1671315E+00
  0.1512242E-01
  0.2120232E-03
  0.9185704E-02
  0.1243539E+00
  0.2049323E+00
  0.2472877E+00
  0.2159232E+00
  0.4231464E+00
  0.2780673E+00
  0.2203779E+00
  0.2517072E+00
  0.2917480E+00
  0.4282203E+00
  0.4017009E+00
  0.3115093E+00
  0.1069638E+01
  0.8247866E+00
  0.5648913E+00
  0.5540932E+00
  0.7152889E+00
  0.9014360E+00
  0.7066477E+00
  0.6284419E+00
  0.1123354E+01
  0.1260094E+01
  0.1218893E+01
  0.1031397E+01
  0.1055168E+01
  0.9565017E+00
  0.6846093E+00
  0.6971699E+00
  0.6986648E+00
  0.1056750E+01
  0.9945101E+00
  0.8486663E+00
  0.7686358E+00
  0.6806573E+00
  0.5178875E+00
  0.6025271E+00
  0.7035410E-08
  0.2246605E-03
  0.5319709E-01
  0.2616295E+00
  0.8845242E-02
  0.1110330E-04
  0.3733665E-04
  0.6296540E-01
  0.1076541E-09
  0.1821408E-09
  0.3035487E-09
  0.2964159E-09
  0.1710090E-09
  0.9797731E-10
  0.1101451E-09
  0.1526950E-09
  0.4920455E-10
  0.4373680E-04
  0.2248803E-04
  0.2412739E-09
  0.2644100E-04
  0.1552504E-10
  0.1189830E-10
  0.2118578E-10
  0.2314579E-10
  0.3638804E-10
  0.5845576E-11
  0.1150766E-09
  0.8869663E-10
  0.1544140E-10
  0.5391821E-10
  0.2410037E-11
  0.1576395E-10
  0.4297029E-10
  0.1813274E-10
  0.6324892E-10
  0.1614734E-09
  0.6583819E-10
  0.1701506E-11
  0.4603172E-11
  0.8047834E-11
  0.1100450E-10
  0.3687359E-11
  0.7552813E-10
  0.7979977E-11
  0.2395354E-10
  0.9936798E-10
  0.2540553E-11
  0.3009632E-11
  0.2532585E-11
  0.2878585E-11
  0.1817497E-11
  0.3544188E-10
  0.3327674E-10
  0.7457992E-10
  0.7063046E-10
  0.2992736E-10
  0.1289151E-10
  0.2779513E-10
  0.2813511E-10
  0.3798531E-10
  0.1650738E-10
  0.6655980E-10
  0.1484572E-09
  0.2302936E-10
  0.6882459E-11
  0.8792572E-11
  0.1612710E-10
  0.2422765E-10
  0.3504044E-10
  0.2542680E-10
  0.2059481E-10
  0.1469061E-10
  0.1088357E-10
  0.7784911E-11
  0.7571990E-11
  0.1125463E-10
  0.1600777E-10
  0.1718828E-10
  0.1047543E-10
  0.2908470E-10
  0.4975048E-12
  0.4891960E-12
  0.9060160E-12
  0.8659992E-12
  0.8027928E-12
  0.1100623E-11
  0.1194942E-11
  0.9182183E-12
  0.8791596E-12
  0.1432108E-11
  0.1411519E-11
  0.1367725E-11
  0.1088728E-11
  0.1134434E-11
  0.1186130E-11
  0.1026934E-11
  0.1002910E-11
  0.8380422E-12
  0.9565447E-12
  0.1344819E-11
  0.1327022E-11
  0.9261413E-12
  0.7673218E-12
  0.5687313E-12
  0.9412423E-12
  0.1902234E-11
  0.1415175E-11
  0.1217979E-11
  0.9059777E-12
  0.3646717E-12
  0.6974612E-12
  0.1212299E-11
  0.1474177E-11
  0.1819656E-11
  0.1399801E-11
  0.1083162E-11
  0.1102305E-11
  0.8176069E-12
  0.7265491E-12
  0.6314485E-11
  0.6372645E-11
  0.7184777E-11
  0.4819825E-11
  0.4385677E-11
  0.3512050E-11
  0.2416823E-11
  0.2863596E-11
  0.1099193E-10
  0.1016689E-10
  0.9747720E-11
  0.1281207E-10
  0.1372798E-10
  0.1448798E-10
  0.1899448E-10
  0.1827797E-10
  0.5460892E-11
  0.5633563E-11
  0.6019570E-11
  0.4655899E-11
  0.4191613E-11
  0.4218599E-11
  0.3247168E-11
  0.3245886E-11
  0.5923728E-11
  0.5802475E-11
  0.5682505E-11
  0.4930575E-11
  0.4861638E-11
  0.4852161E-11
  0.4354878E-11
  0.4191913E-11
  0.1191125E-10
  0.1391600E-10
  0.1745712E-10
  0.1659966E-10
  0.1257075E-10
  0.9042802E-11
  0.8493865E-11
  0.1154560E-10
  0.1822209E-10
  0.1539473E-10
  0.1489722E-10
  0.1644764E-10
  0.1699977E-10
  0.1840555E-10
  0.1894716E-10
  0.1898498E-10
  0.1382349E-10
  0.1218135E-10
  0.1164939E-10
  0.1582021E-10
  0.1602579E-10
  0.1645422E-10
  0.2041090E-10
  0.2088357E-10
  0.4108960E-10
  0.3009295E-10
  0.4670107E-09
  0.7154413E-10
  0.7766921E-10
  0.8811250E-10
  0.7529788E-10
  0.6805417E-10
  0.7899008E-10
  0.9471851E-10
  0.6693256E-10
  0.5273263E-10
  0.4376706E-10
  0.6228478E-10
  0.2376101E-10
  0.3420045E-10
  0.5776221E-10
  0.4478347E-10
  0.3241162E-10
  0.2355397E-10
  0.2073365E-10
  0.2771907E-10
  0.1552077E-10
  0.9902444E-11
  0.7027345E-11
  0.7396817E-11
  0.1026582E-10
  0.1252595E-10
  0.1344199E-10
  0.1032214E-10
  0.1373554E-10
  0.1469962E-10
  0.2346107E-10
  0.3170206E-11
  0.3294102E-11
  0.5097530E-11
  0.2387189E-09
  0.1155567E-09
  0.3403165E-10
  0.3604558E-10
  0.3864383E-10
  0.5373999E-10
  0.4320789E-10
  0.3976447E-10
  0.5709779E-10
  0.1240336E-09
  0.1701723E-10
  0.1793126E-10
  0.1994611E-10
  0.2553525E-10
  0.2338301E-10
  0.2286545E-10
  0.2799661E-10
  0.2928092E-10
  0.5676675E-11
  0.6053193E-11
  0.6182419E-11
  0.8620566E-11
  0.8726145E-11
  0.8547844E-11
  0.1234923E-10
  0.1236712E-10
  0.4195550E-11
  0.5023477E-11
  0.6749982E-11
  0.5093851E-11
  0.4565600E-11
  0.4018609E-11
  0.3895105E-11
  0.4367451E-11
  0.3587546E-11
  0.5445313E-11
  0.8014071E-11
  0.8968074E-11
  0.6149250E-11
  0.3987548E-11
  0.4618101E-11
  0.7168922E-11
  0.1551540E-10
  0.1169097E-10
  0.8793273E-11
  0.7445683E-11
  0.1051661E-10
  0.1421493E-10
  0.1252138E-10
  0.9352850E-11
  0.1101632E-10
  0.8412659E-11
  0.6070808E-11
  0.5632401E-11
  0.7528160E-11
  0.1009158E-10
  0.9163743E-11
  0.7001597E-11
  0.8293285E-11
  0.6552727E-11
  0.5641425E-11
  0.5339142E-11
  0.6205296E-11
  0.7542497E-11
  0.6753737E-11
  0.6013952E-11
  0.6180401E-11
  0.6504758E-11
  0.6975291E-11
  0.1010192E-10
  0.7819585E-11
  0.6132278E-11
  0.6627713E-11
  0.9558362E-11
  0.9575364E-11
  0.1454588E-10
  0.1211265E-10
  0.9229588E-11
  0.1338121E-10
  0.1225735E-10
  0.1685092E-10
  0.1121604E-10
  0.2675832E-10
  0.3891206E-10
  0.5493797E-10
  0.3342224E-10
  0.2848571E-10
  0.2184601E-10
  0.1931343E-10
  0.2120689E-10
  0.6852706E-10
  0.7067510E-10
  0.7058622E-10
  0.4812373E-10
  0.5462286E-10
  0.5737320E-10
  0.3912628E-10
  0.3716997E-10
  0.1947966E-11
  0.3020227E-11
  0.4543416E-11
  0.5003277E-11
  0.3201338E-11
  0.1899784E-11
  0.1739709E-11
  0.3332132E-11
  0.1895908E-11
  0.2585334E-11
  0.4324467E-11
  0.4006829E-11
  0.2787940E-11
  0.1905571E-11
  0.1913524E-11
  0.2869244E-11
  0.2959469E-11
  0.2871312E-11
  0.3434517E-11
  0.2421312E-11
  0.2381393E-11
  0.2557507E-11
  0.1972849E-11
  0.1892038E-11
  0.9788747E-11
  0.2195671E-11
  0.2993960E-11
  0.3223091E-11
  0.3623127E-11
  0.2474940E-11
  0.2683655E-11
  0.1812134E-10
  0.4097170E-10
  0.3696945E-10
  0.3139907E-10
  0.2658034E-10
  0.1813344E-10
  0.1648632E-10
  0.2122539E-10
  0.1768688E-10
  0.4420787E-10
  0.5238452E-10
  0.4883721E-11
  0.5105763E-11
  0.5524876E-11
  0.8032153E-11
  0.7291421E-11
  0.6530331E-11
  0.1349948E-10
  0.1380096E-10
  0.1895561E-11
  0.2165640E-11
  0.2387179E-11
  0.3092130E-11
  0.2756643E-11
  0.2504384E-11
  0.3490398E-11
  0.3744195E-11
  0.1405719E-11
  0.1752948E-11
  0.2415961E-11
  0.2546507E-11
  0.1844299E-11
  0.1572093E-11
  0.1668990E-11
  0.1961893E-11
  0.1393785E-11
  0.1460058E-11
  0.1785271E-11
  0.1992610E-11
  0.1601055E-11
  0.1505039E-11
  0.1461478E-11
  0.1703978E-11
  0.1422705E-11
  0.1592553E-11
  0.1569954E-11
  0.2602784E-11
  0.1999621E-11
  0.1586880E-11
  0.1990308E-11
  0.2823923E-11
  0.1180278E-11
  0.1451108E-11
  0.1621975E-11
  0.1515086E-11
  0.1273336E-11
  0.1086389E-11
  0.1047755E-11
  0.1203822E-11
  0.1490807E-11
  0.9767427E-12
  0.1426696E-11
  0.7643819E-10
  0.1180970E-10
  0.6660610E-11
  0.5341576E-11
  0.3208811E-11
  0.1874091E-11
  0.2072113E-11
  0.1939986E-11
  0.1230629E-11
  0.1302898E-11
  0.1616442E-11
  0.2025303E-11
  0.1868642E-11
  0.4020212E-11
  0.3133084E-11
  0.2349160E-11
  0.3276603E-11
  0.2122497E-11
  0.7728121E-12
  0.1125789E-11
  0.1663304E-11
  0.1605501E-11
  0.1422856E-11
  0.9088387E-12
  0.9437278E-12
  0.1184733E-11
  0.1274241E-11
  0.1092608E-11
  0.1010969E-11
  0.1195610E-11
  0.1330820E-11
  0.7197424E-11
  0.5041354E-11
  0.9767548E-12
  0.8604344E-12
  0.1352174E-11
  0.1176133E-10
  0.1063112E-10
  0.9253564E-11
  0.3982756E-11
  0.6833234E-11
  0.1010723E-10
  0.8743807E-11
  0.4017855E-11
  0.3987562E-11
  0.3370648E-11
  0.4750330E-11
  0.5382271E-11
  0.2422823E-11
  0.1585030E-11
  0.3828389E-12
  0.2663832E-11
  0.1191117E-10
  0.8839261E-11
  0.6951854E-11
  0.5872244E-11
  0.6943068E-11
  0.9451279E-11
  0.6749313E-11
  0.4970465E-11
  0.1828960E-10
  0.1418919E-10
  0.1089080E-10
  0.9570482E-11
  0.1243788E-10
  0.1627411E-10
  0.1416673E-10
  0.1060367E-10
  0.2436992E-10
  0.1920519E-10
  0.1480032E-10
  0.1345549E-10
  0.1741369E-10
  0.2220840E-10
  0.2022778E-10
  0.1574749E-10
  0.3333042E-10
  0.2629862E-10
  0.2038996E-10
  0.1878510E-10
  0.2395538E-10
  0.3021003E-10
  0.2724866E-10
  0.2176149E-10
  0.4068132E-10
  0.3152177E-10
  0.2452533E-10
  0.2339166E-10
  0.3013458E-10
  0.3853422E-10
  0.3611607E-10
  0.2847616E-10
  0.4278729E-10
  0.3333001E-10
  0.2613383E-10
  0.2673659E-10
  0.3418074E-10
  0.4368564E-10
  0.4272023E-10
  0.3390710E-10
  0.2939571E-10
  0.2297621E-10
  0.1938744E-10
  0.2214785E-10
  0.2717930E-10
  0.3508811E-10
  0.3986349E-10
  0.3060082E-10
  0.7278336E-11
  0.1028217E-10
  0.1743053E-10
  0.1668988E-10
  0.1352514E-10
  0.1445619E-10
  0.2216795E-10
  0.1796532E-10
  0.2257816E-11
  0.1685332E-11
  0.6785291E-11
  0.1309346E-10
  0.9801201E-11
  0.8812792E-11
  0.1985784E-10
  0.2257241E-10
  0.8099256E-10
  0.3572882E-10
  0.3908199E-10
  0.4106280E-10
  0.8039515E-10
  0.6575686E-10
  0.7332180E-10
  0.7137604E-10
  0.7693948E-10
  0.8020139E-10
  0.8653012E-10
  0.7201932E-10
  0.1376916E-10
  0.1630833E-10
  0.9810075E-11
  0.1168794E-10
  0.1479501E-10
  0.1431790E-10
  0.1523375E-10
  0.8225408E-10
  0.9842699E-10
  0.1286885E-09
  0.2899283E-10
  0.2690406E-10
  0.2577257E-10
  0.1892860E-10
  0.2650290E-10
  0.3257825E-10
  0.3905906E-10
  0.2924008E-10
  0.6050137E-10
  0.4794086E-10
  0.6911821E-10
  0.1267102E-09
  0.1581788E-10
  0.9766653E-11
  0.8042505E-11
