         1    1.9333333E+01    6.2500000E-01    6.2500000E-01
         2    1.9333333E+01    6.2500000E-01    1.8750000E+00
         3    1.9333333E+01    6.2500000E-01    3.1250000E+00
         4    1.9333333E+01    6.2500000E-01    4.3750000E+00
         5    1.9333333E+01    6.2500000E-01    5.6250000E+00
         6    1.9333333E+01    6.2500000E-01    6.8750000E+00
         7    1.9333333E+01    6.2500000E-01    8.1250000E+00
         8    1.9333333E+01    6.2500000E-01    9.3750000E+00
         9    1.9333333E+01    1.8750000E+00    6.2500000E-01
        10    1.9333333E+01    1.8750000E+00    1.8750000E+00
        11    1.9333333E+01    1.8750000E+00    3.1250000E+00
        12    1.9333333E+01    1.8750000E+00    4.3750000E+00
        13    1.9333333E+01    1.8750000E+00    5.6250000E+00
        14    1.9333333E+01    1.8750000E+00    6.8750000E+00
        15    1.9333333E+01    1.8750000E+00    8.1250000E+00
        16    1.9333333E+01    1.8750000E+00    9.3750000E+00
        17    1.9333333E+01    3.1250000E+00    6.2500000E-01
        18    1.9333333E+01    3.1250000E+00    1.8750000E+00
        19    1.9333333E+01    3.1250000E+00    3.1250000E+00
        20    1.9333333E+01    3.1250000E+00    4.3750000E+00
        21    1.9333333E+01    3.1250000E+00    5.6250000E+00
        22    1.9333333E+01    3.1250000E+00    6.8750000E+00
        23    1.9333333E+01    3.1250000E+00    8.1250000E+00
        24    1.9333333E+01    3.1250000E+00    9.3750000E+00
        25    1.9333333E+01    4.3750000E+00    6.2500000E-01
        26    1.9333333E+01    4.3750000E+00    1.8750000E+00
        27    1.9333333E+01    4.3750000E+00    3.1250000E+00
        28    1.9333333E+01    4.3750000E+00    4.3750000E+00
        29    1.9333333E+01    4.3750000E+00    5.6250000E+00
        30    1.9333333E+01    4.3750000E+00    6.8750000E+00
        31    1.9333333E+01    4.3750000E+00    8.1250000E+00
        32    1.9333333E+01    4.3750000E+00    9.3750000E+00
        33    1.9333333E+01    5.6250000E+00    6.2500000E-01
        34    1.9333333E+01    5.6250000E+00    1.8750000E+00
        35    1.9333333E+01    5.6250000E+00    3.1250000E+00
        36    1.9333333E+01    5.6250000E+00    4.3750000E+00
        37    1.9333333E+01    5.6250000E+00    5.6250000E+00
        38    1.9333333E+01    5.6250000E+00    6.8750000E+00
        39    1.9333333E+01    5.6250000E+00    8.1250000E+00
        40    1.9333333E+01    5.6250000E+00    9.3750000E+00
        41    1.9333333E+01    6.8750000E+00    6.2500000E-01
        42    1.9333333E+01    6.8750000E+00    1.8750000E+00
        43    1.9333333E+01    6.8750000E+00    3.1250000E+00
        44    1.9333333E+01    6.8750000E+00    4.3750000E+00
        45    1.9333333E+01    6.8750000E+00    5.6250000E+00
        46    1.9333333E+01    6.8750000E+00    6.8750000E+00
        47    1.9333333E+01    6.8750000E+00    8.1250000E+00
        48    1.9333333E+01    6.8750000E+00    9.3750000E+00
        49    1.9333333E+01    8.1250000E+00    6.2500000E-01
        50    1.9333333E+01    8.1250000E+00    1.8750000E+00
        51    1.9333333E+01    8.1250000E+00    3.1250000E+00
        52    1.9333333E+01    8.1250000E+00    4.3750000E+00
        53    1.9333333E+01    8.1250000E+00    5.6250000E+00
        54    1.9333333E+01    8.1250000E+00    6.8750000E+00
        55    1.9333333E+01    8.1250000E+00    8.1250000E+00
        56    1.9333333E+01    8.1250000E+00    9.3750000E+00
        57    1.9333333E+01    9.3750000E+00    6.2500000E-01
        58    1.9333333E+01    9.3750000E+00    1.8750000E+00
        59    1.9333333E+01    9.3750000E+00    3.1250000E+00
        60    1.9333333E+01    9.3750000E+00    4.3750000E+00
        61    1.9333333E+01    9.3750000E+00    5.6250000E+00
        62    1.9333333E+01    9.3750000E+00    6.8750000E+00
        63    1.9333333E+01    9.3750000E+00    8.1250000E+00
        64    1.9333333E+01    9.3750000E+00    9.3750000E+00
        65    1.9333333E+01    1.0625000E+01    6.2500000E-01
        66    1.9333333E+01    1.0625000E+01    1.8750000E+00
        67    1.9333333E+01    1.0625000E+01    3.1250000E+00
        68    1.9333333E+01    1.0625000E+01    4.3750000E+00
        69    1.9333333E+01    1.0625000E+01    5.6250000E+00
        70    1.9333333E+01    1.0625000E+01    6.8750000E+00
        71    1.9333333E+01    1.0625000E+01    8.1250000E+00
        72    1.9333333E+01    1.0625000E+01    9.3750000E+00
        73    1.9333333E+01    1.1875000E+01    6.2500000E-01
        74    1.9333333E+01    1.1875000E+01    1.8750000E+00
        75    1.9333333E+01    1.1875000E+01    3.1250000E+00
        76    1.9333333E+01    1.1875000E+01    4.3750000E+00
        77    1.9333333E+01    1.1875000E+01    5.6250000E+00
        78    1.9333333E+01    1.1875000E+01    6.8750000E+00
        79    1.9333333E+01    1.1875000E+01    8.1250000E+00
        80    1.9333333E+01    1.1875000E+01    9.3750000E+00
        81    1.9333333E+01    1.3125000E+01    6.2500000E-01
        82    1.9333333E+01    1.3125000E+01    1.8750000E+00
        83    1.9333333E+01    1.3125000E+01    3.1250000E+00
        84    1.9333333E+01    1.3125000E+01    4.3750000E+00
        85    1.9333333E+01    1.3125000E+01    5.6250000E+00
        86    1.9333333E+01    1.3125000E+01    6.8750000E+00
        87    1.9333333E+01    1.3125000E+01    8.1250000E+00
        88    1.9333333E+01    1.3125000E+01    9.3750000E+00
        89    1.9333333E+01    1.4375000E+01    6.2500000E-01
        90    1.9333333E+01    1.4375000E+01    1.8750000E+00
        91    1.9333333E+01    1.4375000E+01    3.1250000E+00
        92    1.9333333E+01    1.4375000E+01    4.3750000E+00
        93    1.9333333E+01    1.4375000E+01    5.6250000E+00
        94    1.9333333E+01    1.4375000E+01    6.8750000E+00
        95    1.9333333E+01    1.4375000E+01    8.1250000E+00
        96    1.9333333E+01    1.4375000E+01    9.3750000E+00
        97    1.8000000E+01    6.2500000E-01    6.2500000E-01
        98    1.8000000E+01    6.2500000E-01    1.8750000E+00
        99    1.8000000E+01    6.2500000E-01    3.1250000E+00
       100    1.8000000E+01    6.2500000E-01    4.3750000E+00
       101    1.8000000E+01    6.2500000E-01    5.6250000E+00
       102    1.8000000E+01    6.2500000E-01    6.8750000E+00
       103    1.8000000E+01    6.2500000E-01    8.1250000E+00
       104    1.8000000E+01    6.2500000E-01    9.3750000E+00
       105    1.8000000E+01    1.8750000E+00    6.2500000E-01
       106    1.8000000E+01    1.8750000E+00    1.8750000E+00
       107    1.8000000E+01    1.8750000E+00    3.1250000E+00
       108    1.8000000E+01    1.8750000E+00    4.3750000E+00
       109    1.8000000E+01    1.8750000E+00    5.6250000E+00
       110    1.8000000E+01    1.8750000E+00    6.8750000E+00
       111    1.8000000E+01    1.8750000E+00    8.1250000E+00
       112    1.8000000E+01    1.8750000E+00    9.3750000E+00
       113    1.8000000E+01    3.1250000E+00    6.2500000E-01
       114    1.8000000E+01    3.1250000E+00    1.8750000E+00
       115    1.8000000E+01    3.1250000E+00    3.1250000E+00
       116    1.8000000E+01    3.1250000E+00    4.3750000E+00
       117    1.8000000E+01    3.1250000E+00    5.6250000E+00
       118    1.8000000E+01    3.1250000E+00    6.8750000E+00
       119    1.8000000E+01    3.1250000E+00    8.1250000E+00
       120    1.8000000E+01    3.1250000E+00    9.3750000E+00
       121    1.8000000E+01    4.3750000E+00    6.2500000E-01
       122    1.8000000E+01    4.3750000E+00    1.8750000E+00
       123    1.8000000E+01    4.3750000E+00    3.1250000E+00
       124    1.8000000E+01    4.3750000E+00    4.3750000E+00
       125    1.8000000E+01    4.3750000E+00    5.6250000E+00
       126    1.8000000E+01    4.3750000E+00    6.8750000E+00
       127    1.8000000E+01    4.3750000E+00    8.1250000E+00
       128    1.8000000E+01    4.3750000E+00    9.3750000E+00
       129    1.8000000E+01    5.6250000E+00    6.2500000E-01
       130    1.8000000E+01    5.6250000E+00    1.8750000E+00
       131    1.8000000E+01    5.6250000E+00    3.1250000E+00
       132    1.8000000E+01    5.6250000E+00    4.3750000E+00
       133    1.8000000E+01    5.6250000E+00    5.6250000E+00
       134    1.8000000E+01    5.6250000E+00    6.8750000E+00
       135    1.8000000E+01    5.6250000E+00    8.1250000E+00
       136    1.8000000E+01    5.6250000E+00    9.3750000E+00
       137    1.8000000E+01    6.8750000E+00    6.2500000E-01
       138    1.8000000E+01    6.8750000E+00    1.8750000E+00
       139    1.8000000E+01    6.8750000E+00    3.1250000E+00
       140    1.8000000E+01    6.8750000E+00    4.3750000E+00
       141    1.8000000E+01    6.8750000E+00    5.6250000E+00
       142    1.8000000E+01    6.8750000E+00    6.8750000E+00
       143    1.8000000E+01    6.8750000E+00    8.1250000E+00
       144    1.8000000E+01    6.8750000E+00    9.3750000E+00
       145    1.8000000E+01    8.1250000E+00    6.2500000E-01
       146    1.8000000E+01    8.1250000E+00    1.8750000E+00
       147    1.8000000E+01    8.1250000E+00    3.1250000E+00
       148    1.8000000E+01    8.1250000E+00    4.3750000E+00
       149    1.8000000E+01    8.1250000E+00    5.6250000E+00
       150    1.8000000E+01    8.1250000E+00    6.8750000E+00
       151    1.8000000E+01    8.1250000E+00    8.1250000E+00
       152    1.8000000E+01    8.1250000E+00    9.3750000E+00
       153    1.8000000E+01    9.3750000E+00    6.2500000E-01
       154    1.8000000E+01    9.3750000E+00    1.8750000E+00
       155    1.8000000E+01    9.3750000E+00    3.1250000E+00
       156    1.8000000E+01    9.3750000E+00    4.3750000E+00
       157    1.8000000E+01    9.3750000E+00    5.6250000E+00
       158    1.8000000E+01    9.3750000E+00    6.8750000E+00
       159    1.8000000E+01    9.3750000E+00    8.1250000E+00
       160    1.8000000E+01    9.3750000E+00    9.3750000E+00
       161    1.8000000E+01    1.0625000E+01    6.2500000E-01
       162    1.8000000E+01    1.0625000E+01    1.8750000E+00
       163    1.8000000E+01    1.0625000E+01    3.1250000E+00
       164    1.8000000E+01    1.0625000E+01    4.3750000E+00
       165    1.8000000E+01    1.0625000E+01    5.6250000E+00
       166    1.8000000E+01    1.0625000E+01    6.8750000E+00
       167    1.8000000E+01    1.0625000E+01    8.1250000E+00
       168    1.8000000E+01    1.0625000E+01    9.3750000E+00
       169    1.8000000E+01    1.1875000E+01    6.2500000E-01
       170    1.8000000E+01    1.1875000E+01    1.8750000E+00
       171    1.8000000E+01    1.1875000E+01    3.1250000E+00
       172    1.8000000E+01    1.1875000E+01    4.3750000E+00
       173    1.8000000E+01    1.1875000E+01    5.6250000E+00
       174    1.8000000E+01    1.1875000E+01    6.8750000E+00
       175    1.8000000E+01    1.1875000E+01    8.1250000E+00
       176    1.8000000E+01    1.1875000E+01    9.3750000E+00
       177    1.8000000E+01    1.3125000E+01    6.2500000E-01
       178    1.8000000E+01    1.3125000E+01    1.8750000E+00
       179    1.8000000E+01    1.3125000E+01    3.1250000E+00
       180    1.8000000E+01    1.3125000E+01    4.3750000E+00
       181    1.8000000E+01    1.3125000E+01    5.6250000E+00
       182    1.8000000E+01    1.3125000E+01    6.8750000E+00
       183    1.8000000E+01    1.3125000E+01    8.1250000E+00
       184    1.8000000E+01    1.3125000E+01    9.3750000E+00
       185    1.8000000E+01    1.4375000E+01    6.2500000E-01
       186    1.8000000E+01    1.4375000E+01    1.8750000E+00
       187    1.8000000E+01    1.4375000E+01    3.1250000E+00
       188    1.8000000E+01    1.4375000E+01    4.3750000E+00
       189    1.8000000E+01    1.4375000E+01    5.6250000E+00
       190    1.8000000E+01    1.4375000E+01    6.8750000E+00
       191    1.8000000E+01    1.4375000E+01    8.1250000E+00
       192    1.8000000E+01    1.4375000E+01    9.3750000E+00
       193    1.6666667E+01    6.2500000E-01    6.2500000E-01
       194    1.6666667E+01    6.2500000E-01    1.8750000E+00
       195    1.6666667E+01    6.2500000E-01    3.1250000E+00
       196    1.6666667E+01    6.2500000E-01    4.3750000E+00
       197    1.6666667E+01    6.2500000E-01    5.6250000E+00
       198    1.6666667E+01    6.2500000E-01    6.8750000E+00
       199    1.6666667E+01    6.2500000E-01    8.1250000E+00
       200    1.6666667E+01    6.2500000E-01    9.3750000E+00
       201    1.6666667E+01    1.8750000E+00    6.2500000E-01
       202    1.6666667E+01    1.8750000E+00    1.8750000E+00
       203    1.6666667E+01    1.8750000E+00    3.1250000E+00
       204    1.6666667E+01    1.8750000E+00    4.3750000E+00
       205    1.6666667E+01    1.8750000E+00    5.6250000E+00
       206    1.6666667E+01    1.8750000E+00    6.8750000E+00
       207    1.6666667E+01    1.8750000E+00    8.1250000E+00
       208    1.6666667E+01    1.8750000E+00    9.3750000E+00
       209    1.6666667E+01    3.1250000E+00    6.2500000E-01
       210    1.6666667E+01    3.1250000E+00    1.8750000E+00
       211    1.6666667E+01    3.1250000E+00    3.1250000E+00
       212    1.6666667E+01    3.1250000E+00    4.3750000E+00
       213    1.6666667E+01    3.1250000E+00    5.6250000E+00
       214    1.6666667E+01    3.1250000E+00    6.8750000E+00
       215    1.6666667E+01    3.1250000E+00    8.1250000E+00
       216    1.6666667E+01    3.1250000E+00    9.3750000E+00
       217    1.6666667E+01    4.3750000E+00    6.2500000E-01
       218    1.6666667E+01    4.3750000E+00    1.8750000E+00
       219    1.6666667E+01    4.3750000E+00    3.1250000E+00
       220    1.6666667E+01    4.3750000E+00    4.3750000E+00
       221    1.6666667E+01    4.3750000E+00    5.6250000E+00
       222    1.6666667E+01    4.3750000E+00    6.8750000E+00
       223    1.6666667E+01    4.3750000E+00    8.1250000E+00
       224    1.6666667E+01    4.3750000E+00    9.3750000E+00
       225    1.6666667E+01    5.6250000E+00    6.2500000E-01
       226    1.6666667E+01    5.6250000E+00    1.8750000E+00
       227    1.6666667E+01    5.6250000E+00    3.1250000E+00
       228    1.6666667E+01    5.6250000E+00    4.3750000E+00
       229    1.6666667E+01    5.6250000E+00    5.6250000E+00
       230    1.6666667E+01    5.6250000E+00    6.8750000E+00
       231    1.6666667E+01    5.6250000E+00    8.1250000E+00
       232    1.6666667E+01    5.6250000E+00    9.3750000E+00
       233    1.6666667E+01    6.8750000E+00    6.2500000E-01
       234    1.6666667E+01    6.8750000E+00    1.8750000E+00
       235    1.6666667E+01    6.8750000E+00    3.1250000E+00
       236    1.6666667E+01    6.8750000E+00    4.3750000E+00
       237    1.6666667E+01    6.8750000E+00    5.6250000E+00
       238    1.6666667E+01    6.8750000E+00    6.8750000E+00
       239    1.6666667E+01    6.8750000E+00    8.1250000E+00
       240    1.6666667E+01    6.8750000E+00    9.3750000E+00
       241    1.6666667E+01    8.1250000E+00    6.2500000E-01
       242    1.6666667E+01    8.1250000E+00    1.8750000E+00
       243    1.6666667E+01    8.1250000E+00    3.1250000E+00
       244    1.6666667E+01    8.1250000E+00    4.3750000E+00
       245    1.6666667E+01    8.1250000E+00    5.6250000E+00
       246    1.6666667E+01    8.1250000E+00    6.8750000E+00
       247    1.6666667E+01    8.1250000E+00    8.1250000E+00
       248    1.6666667E+01    8.1250000E+00    9.3750000E+00
       249    1.6666667E+01    9.3750000E+00    6.2500000E-01
       250    1.6666667E+01    9.3750000E+00    1.8750000E+00
       251    1.6666667E+01    9.3750000E+00    3.1250000E+00
       252    1.6666667E+01    9.3750000E+00    4.3750000E+00
       253    1.6666667E+01    9.3750000E+00    5.6250000E+00
       254    1.6666667E+01    9.3750000E+00    6.8750000E+00
       255    1.6666667E+01    9.3750000E+00    8.1250000E+00
       256    1.6666667E+01    9.3750000E+00    9.3750000E+00
       257    1.6666667E+01    1.0625000E+01    6.2500000E-01
       258    1.6666667E+01    1.0625000E+01    1.8750000E+00
       259    1.6666667E+01    1.0625000E+01    3.1250000E+00
       260    1.6666667E+01    1.0625000E+01    4.3750000E+00
       261    1.6666667E+01    1.0625000E+01    5.6250000E+00
       262    1.6666667E+01    1.0625000E+01    6.8750000E+00
       263    1.6666667E+01    1.0625000E+01    8.1250000E+00
       264    1.6666667E+01    1.0625000E+01    9.3750000E+00
       265    1.6666667E+01    1.1875000E+01    6.2500000E-01
       266    1.6666667E+01    1.1875000E+01    1.8750000E+00
       267    1.6666667E+01    1.1875000E+01    3.1250000E+00
       268    1.6666667E+01    1.1875000E+01    4.3750000E+00
       269    1.6666667E+01    1.1875000E+01    5.6250000E+00
       270    1.6666667E+01    1.1875000E+01    6.8750000E+00
       271    1.6666667E+01    1.1875000E+01    8.1250000E+00
       272    1.6666667E+01    1.1875000E+01    9.3750000E+00
       273    1.6666667E+01    1.3125000E+01    6.2500000E-01
       274    1.6666667E+01    1.3125000E+01    1.8750000E+00
       275    1.6666667E+01    1.3125000E+01    3.1250000E+00
       276    1.6666667E+01    1.3125000E+01    4.3750000E+00
       277    1.6666667E+01    1.3125000E+01    5.6250000E+00
       278    1.6666667E+01    1.3125000E+01    6.8750000E+00
       279    1.6666667E+01    1.3125000E+01    8.1250000E+00
       280    1.6666667E+01    1.3125000E+01    9.3750000E+00
       281    1.6666667E+01    1.4375000E+01    6.2500000E-01
       282    1.6666667E+01    1.4375000E+01    1.8750000E+00
       283    1.6666667E+01    1.4375000E+01    3.1250000E+00
       284    1.6666667E+01    1.4375000E+01    4.3750000E+00
       285    1.6666667E+01    1.4375000E+01    5.6250000E+00
       286    1.6666667E+01    1.4375000E+01    6.8750000E+00
       287    1.6666667E+01    1.4375000E+01    8.1250000E+00
       288    1.6666667E+01    1.4375000E+01    9.3750000E+00
       289    1.5333333E+01    6.2500000E-01    6.2500000E-01
       290    1.5333333E+01    6.2500000E-01    1.8750000E+00
       291    1.5333333E+01    6.2500000E-01    3.1250000E+00
       292    1.5333333E+01    6.2500000E-01    4.3750000E+00
       293    1.5333333E+01    6.2500000E-01    5.6250000E+00
       294    1.5333333E+01    6.2500000E-01    6.8750000E+00
       295    1.5333333E+01    6.2500000E-01    8.1250000E+00
       296    1.5333333E+01    6.2500000E-01    9.3750000E+00
       297    1.5333333E+01    1.8750000E+00    6.2500000E-01
       298    1.5333333E+01    1.8750000E+00    1.8750000E+00
       299    1.5333333E+01    1.8750000E+00    3.1250000E+00
       300    1.5333333E+01    1.8750000E+00    4.3750000E+00
       301    1.5333333E+01    1.8750000E+00    5.6250000E+00
       302    1.5333333E+01    1.8750000E+00    6.8750000E+00
       303    1.5333333E+01    1.8750000E+00    8.1250000E+00
       304    1.5333333E+01    1.8750000E+00    9.3750000E+00
       305    1.5333333E+01    3.1250000E+00    6.2500000E-01
       306    1.5333333E+01    3.1250000E+00    1.8750000E+00
       307    1.5333333E+01    3.1250000E+00    3.1250000E+00
       308    1.5333333E+01    3.1250000E+00    4.3750000E+00
       309    1.5333333E+01    3.1250000E+00    5.6250000E+00
       310    1.5333333E+01    3.1250000E+00    6.8750000E+00
       311    1.5333333E+01    3.1250000E+00    8.1250000E+00
       312    1.5333333E+01    3.1250000E+00    9.3750000E+00
       313    1.5333333E+01    4.3750000E+00    6.2500000E-01
       314    1.5333333E+01    4.3750000E+00    1.8750000E+00
       315    1.5333333E+01    4.3750000E+00    3.1250000E+00
       316    1.5333333E+01    4.3750000E+00    4.3750000E+00
       317    1.5333333E+01    4.3750000E+00    5.6250000E+00
       318    1.5333333E+01    4.3750000E+00    6.8750000E+00
       319    1.5333333E+01    4.3750000E+00    8.1250000E+00
       320    1.5333333E+01    4.3750000E+00    9.3750000E+00
       321    1.5333333E+01    5.6250000E+00    6.2500000E-01
       322    1.5333333E+01    5.6250000E+00    1.8750000E+00
       323    1.5333333E+01    5.6250000E+00    3.1250000E+00
       324    1.5333333E+01    5.6250000E+00    4.3750000E+00
       325    1.5333333E+01    5.6250000E+00    5.6250000E+00
       326    1.5333333E+01    5.6250000E+00    6.8750000E+00
       327    1.5333333E+01    5.6250000E+00    8.1250000E+00
       328    1.5333333E+01    5.6250000E+00    9.3750000E+00
       329    1.5333333E+01    6.8750000E+00    6.2500000E-01
       330    1.5333333E+01    6.8750000E+00    1.8750000E+00
       331    1.5333333E+01    6.8750000E+00    3.1250000E+00
       332    1.5333333E+01    6.8750000E+00    4.3750000E+00
       333    1.5333333E+01    6.8750000E+00    5.6250000E+00
       334    1.5333333E+01    6.8750000E+00    6.8750000E+00
       335    1.5333333E+01    6.8750000E+00    8.1250000E+00
       336    1.5333333E+01    6.8750000E+00    9.3750000E+00
       337    1.5333333E+01    8.1250000E+00    6.2500000E-01
       338    1.5333333E+01    8.1250000E+00    1.8750000E+00
       339    1.5333333E+01    8.1250000E+00    3.1250000E+00
       340    1.5333333E+01    8.1250000E+00    4.3750000E+00
       341    1.5333333E+01    8.1250000E+00    5.6250000E+00
       342    1.5333333E+01    8.1250000E+00    6.8750000E+00
       343    1.5333333E+01    8.1250000E+00    8.1250000E+00
       344    1.5333333E+01    8.1250000E+00    9.3750000E+00
       345    1.5333333E+01    9.3750000E+00    6.2500000E-01
       346    1.5333333E+01    9.3750000E+00    1.8750000E+00
       347    1.5333333E+01    9.3750000E+00    3.1250000E+00
       348    1.5333333E+01    9.3750000E+00    4.3750000E+00
       349    1.5333333E+01    9.3750000E+00    5.6250000E+00
       350    1.5333333E+01    9.3750000E+00    6.8750000E+00
       351    1.5333333E+01    9.3750000E+00    8.1250000E+00
       352    1.5333333E+01    9.3750000E+00    9.3750000E+00
       353    1.5333333E+01    1.0625000E+01    6.2500000E-01
       354    1.5333333E+01    1.0625000E+01    1.8750000E+00
       355    1.5333333E+01    1.0625000E+01    3.1250000E+00
       356    1.5333333E+01    1.0625000E+01    4.3750000E+00
       357    1.5333333E+01    1.0625000E+01    5.6250000E+00
       358    1.5333333E+01    1.0625000E+01    6.8750000E+00
       359    1.5333333E+01    1.0625000E+01    8.1250000E+00
       360    1.5333333E+01    1.0625000E+01    9.3750000E+00
       361    1.5333333E+01    1.1875000E+01    6.2500000E-01
       362    1.5333333E+01    1.1875000E+01    1.8750000E+00
       363    1.5333333E+01    1.1875000E+01    3.1250000E+00
       364    1.5333333E+01    1.1875000E+01    4.3750000E+00
       365    1.5333333E+01    1.1875000E+01    5.6250000E+00
       366    1.5333333E+01    1.1875000E+01    6.8750000E+00
       367    1.5333333E+01    1.1875000E+01    8.1250000E+00
       368    1.5333333E+01    1.1875000E+01    9.3750000E+00
       369    1.5333333E+01    1.3125000E+01    6.2500000E-01
       370    1.5333333E+01    1.3125000E+01    1.8750000E+00
       371    1.5333333E+01    1.3125000E+01    3.1250000E+00
       372    1.5333333E+01    1.3125000E+01    4.3750000E+00
       373    1.5333333E+01    1.3125000E+01    5.6250000E+00
       374    1.5333333E+01    1.3125000E+01    6.8750000E+00
       375    1.5333333E+01    1.3125000E+01    8.1250000E+00
       376    1.5333333E+01    1.3125000E+01    9.3750000E+00
       377    1.5333333E+01    1.4375000E+01    6.2500000E-01
       378    1.5333333E+01    1.4375000E+01    1.8750000E+00
       379    1.5333333E+01    1.4375000E+01    3.1250000E+00
       380    1.5333333E+01    1.4375000E+01    4.3750000E+00
       381    1.5333333E+01    1.4375000E+01    5.6250000E+00
       382    1.5333333E+01    1.4375000E+01    6.8750000E+00
       383    1.5333333E+01    1.4375000E+01    8.1250000E+00
       384    1.5333333E+01    1.4375000E+01    9.3750000E+00
       385    1.4000000E+01    6.2500000E-01    6.2500000E-01
       386    1.4000000E+01    6.2500000E-01    1.8750000E+00
       387    1.4000000E+01    6.2500000E-01    3.1250000E+00
       388    1.4000000E+01    6.2500000E-01    4.3750000E+00
       389    1.4000000E+01    6.2500000E-01    5.6250000E+00
       390    1.4000000E+01    6.2500000E-01    6.8750000E+00
       391    1.4000000E+01    6.2500000E-01    8.1250000E+00
       392    1.4000000E+01    6.2500000E-01    9.3750000E+00
       393    1.4000000E+01    1.8750000E+00    6.2500000E-01
       394    1.4000000E+01    1.8750000E+00    1.8750000E+00
       395    1.4000000E+01    1.8750000E+00    3.1250000E+00
       396    1.4000000E+01    1.8750000E+00    4.3750000E+00
       397    1.4000000E+01    1.8750000E+00    5.6250000E+00
       398    1.4000000E+01    1.8750000E+00    6.8750000E+00
       399    1.4000000E+01    1.8750000E+00    8.1250000E+00
       400    1.4000000E+01    1.8750000E+00    9.3750000E+00
       401    1.4000000E+01    3.1250000E+00    6.2500000E-01
       402    1.4000000E+01    3.1250000E+00    1.8750000E+00
       403    1.4000000E+01    3.1250000E+00    3.1250000E+00
       404    1.4000000E+01    3.1250000E+00    4.3750000E+00
       405    1.4000000E+01    3.1250000E+00    5.6250000E+00
       406    1.4000000E+01    3.1250000E+00    6.8750000E+00
       407    1.4000000E+01    3.1250000E+00    8.1250000E+00
       408    1.4000000E+01    3.1250000E+00    9.3750000E+00
       409    1.4000000E+01    4.3750000E+00    6.2500000E-01
       410    1.4000000E+01    4.3750000E+00    1.8750000E+00
       411    1.4000000E+01    4.3750000E+00    3.1250000E+00
       412    1.4000000E+01    4.3750000E+00    4.3750000E+00
       413    1.4000000E+01    4.3750000E+00    5.6250000E+00
       414    1.4000000E+01    4.3750000E+00    6.8750000E+00
       415    1.4000000E+01    4.3750000E+00    8.1250000E+00
       416    1.4000000E+01    4.3750000E+00    9.3750000E+00
       417    1.4000000E+01    5.6250000E+00    6.2500000E-01
       418    1.4000000E+01    5.6250000E+00    1.8750000E+00
       419    1.4000000E+01    5.6250000E+00    3.1250000E+00
       420    1.4000000E+01    5.6250000E+00    4.3750000E+00
       421    1.4000000E+01    5.6250000E+00    5.6250000E+00
       422    1.4000000E+01    5.6250000E+00    6.8750000E+00
       423    1.4000000E+01    5.6250000E+00    8.1250000E+00
       424    1.4000000E+01    5.6250000E+00    9.3750000E+00
       425    1.4000000E+01    6.8750000E+00    6.2500000E-01
       426    1.4000000E+01    6.8750000E+00    1.8750000E+00
       427    1.4000000E+01    6.8750000E+00    3.1250000E+00
       428    1.4000000E+01    6.8750000E+00    4.3750000E+00
       429    1.4000000E+01    6.8750000E+00    5.6250000E+00
       430    1.4000000E+01    6.8750000E+00    6.8750000E+00
       431    1.4000000E+01    6.8750000E+00    8.1250000E+00
       432    1.4000000E+01    6.8750000E+00    9.3750000E+00
       433    1.4000000E+01    8.1250000E+00    6.2500000E-01
       434    1.4000000E+01    8.1250000E+00    1.8750000E+00
       435    1.4000000E+01    8.1250000E+00    3.1250000E+00
       436    1.4000000E+01    8.1250000E+00    4.3750000E+00
       437    1.4000000E+01    8.1250000E+00    5.6250000E+00
       438    1.4000000E+01    8.1250000E+00    6.8750000E+00
       439    1.4000000E+01    8.1250000E+00    8.1250000E+00
       440    1.4000000E+01    8.1250000E+00    9.3750000E+00
       441    1.4000000E+01    9.3750000E+00    6.2500000E-01
       442    1.4000000E+01    9.3750000E+00    1.8750000E+00
       443    1.4000000E+01    9.3750000E+00    3.1250000E+00
       444    1.4000000E+01    9.3750000E+00    4.3750000E+00
       445    1.4000000E+01    9.3750000E+00    5.6250000E+00
       446    1.4000000E+01    9.3750000E+00    6.8750000E+00
       447    1.4000000E+01    9.3750000E+00    8.1250000E+00
       448    1.4000000E+01    9.3750000E+00    9.3750000E+00
       449    1.4000000E+01    1.0625000E+01    6.2500000E-01
       450    1.4000000E+01    1.0625000E+01    1.8750000E+00
       451    1.4000000E+01    1.0625000E+01    3.1250000E+00
       452    1.4000000E+01    1.0625000E+01    4.3750000E+00
       453    1.4000000E+01    1.0625000E+01    5.6250000E+00
       454    1.4000000E+01    1.0625000E+01    6.8750000E+00
       455    1.4000000E+01    1.0625000E+01    8.1250000E+00
       456    1.4000000E+01    1.0625000E+01    9.3750000E+00
       457    1.4000000E+01    1.1875000E+01    6.2500000E-01
       458    1.4000000E+01    1.1875000E+01    1.8750000E+00
       459    1.4000000E+01    1.1875000E+01    3.1250000E+00
       460    1.4000000E+01    1.1875000E+01    4.3750000E+00
       461    1.4000000E+01    1.1875000E+01    5.6250000E+00
       462    1.4000000E+01    1.1875000E+01    6.8750000E+00
       463    1.4000000E+01    1.1875000E+01    8.1250000E+00
       464    1.4000000E+01    1.1875000E+01    9.3750000E+00
       465    1.4000000E+01    1.3125000E+01    6.2500000E-01
       466    1.4000000E+01    1.3125000E+01    1.8750000E+00
       467    1.4000000E+01    1.3125000E+01    3.1250000E+00
       468    1.4000000E+01    1.3125000E+01    4.3750000E+00
       469    1.4000000E+01    1.3125000E+01    5.6250000E+00
       470    1.4000000E+01    1.3125000E+01    6.8750000E+00
       471    1.4000000E+01    1.3125000E+01    8.1250000E+00
       472    1.4000000E+01    1.3125000E+01    9.3750000E+00
       473    1.4000000E+01    1.4375000E+01    6.2500000E-01
       474    1.4000000E+01    1.4375000E+01    1.8750000E+00
       475    1.4000000E+01    1.4375000E+01    3.1250000E+00
       476    1.4000000E+01    1.4375000E+01    4.3750000E+00
       477    1.4000000E+01    1.4375000E+01    5.6250000E+00
       478    1.4000000E+01    1.4375000E+01    6.8750000E+00
       479    1.4000000E+01    1.4375000E+01    8.1250000E+00
       480    1.4000000E+01    1.4375000E+01    9.3750000E+00
       481    1.2666667E+01    6.2500000E-01    6.2500000E-01
       482    1.2666667E+01    6.2500000E-01    1.8750000E+00
       483    1.2666667E+01    6.2500000E-01    3.1250000E+00
       484    1.2666667E+01    6.2500000E-01    4.3750000E+00
       485    1.2666667E+01    6.2500000E-01    5.6250000E+00
       486    1.2666667E+01    6.2500000E-01    6.8750000E+00
       487    1.2666667E+01    6.2500000E-01    8.1250000E+00
       488    1.2666667E+01    6.2500000E-01    9.3750000E+00
       489    1.2666667E+01    1.8750000E+00    6.2500000E-01
       490    1.2666667E+01    1.8750000E+00    1.8750000E+00
       491    1.2666667E+01    1.8750000E+00    3.1250000E+00
       492    1.2666667E+01    1.8750000E+00    4.3750000E+00
       493    1.2666667E+01    1.8750000E+00    5.6250000E+00
       494    1.2666667E+01    1.8750000E+00    6.8750000E+00
       495    1.2666667E+01    1.8750000E+00    8.1250000E+00
       496    1.2666667E+01    1.8750000E+00    9.3750000E+00
       497    1.2666667E+01    3.1250000E+00    6.2500000E-01
       498    1.2666667E+01    3.1250000E+00    1.8750000E+00
       499    1.2666667E+01    3.1250000E+00    3.1250000E+00
       500    1.2666667E+01    3.1250000E+00    4.3750000E+00
       501    1.2666667E+01    3.1250000E+00    5.6250000E+00
       502    1.2666667E+01    3.1250000E+00    6.8750000E+00
       503    1.2666667E+01    3.1250000E+00    8.1250000E+00
       504    1.2666667E+01    3.1250000E+00    9.3750000E+00
       505    1.2666667E+01    4.3750000E+00    6.2500000E-01
       506    1.2666667E+01    4.3750000E+00    1.8750000E+00
       507    1.2666667E+01    4.3750000E+00    3.1250000E+00
       508    1.2666667E+01    4.3750000E+00    4.3750000E+00
       509    1.2666667E+01    4.3750000E+00    5.6250000E+00
       510    1.2666667E+01    4.3750000E+00    6.8750000E+00
       511    1.2666667E+01    4.3750000E+00    8.1250000E+00
       512    1.2666667E+01    4.3750000E+00    9.3750000E+00
       513    1.2666667E+01    5.6250000E+00    6.2500000E-01
       514    1.2666667E+01    5.6250000E+00    1.8750000E+00
       515    1.2666667E+01    5.6250000E+00    3.1250000E+00
       516    1.2666667E+01    5.6250000E+00    4.3750000E+00
       517    1.2666667E+01    5.6250000E+00    5.6250000E+00
       518    1.2666667E+01    5.6250000E+00    6.8750000E+00
       519    1.2666667E+01    5.6250000E+00    8.1250000E+00
       520    1.2666667E+01    5.6250000E+00    9.3750000E+00
       521    1.2666667E+01    6.8750000E+00    6.2500000E-01
       522    1.2666667E+01    6.8750000E+00    1.8750000E+00
       523    1.2666667E+01    6.8750000E+00    3.1250000E+00
       524    1.2666667E+01    6.8750000E+00    4.3750000E+00
       525    1.2666667E+01    6.8750000E+00    5.6250000E+00
       526    1.2666667E+01    6.8750000E+00    6.8750000E+00
       527    1.2666667E+01    6.8750000E+00    8.1250000E+00
       528    1.2666667E+01    6.8750000E+00    9.3750000E+00
       529    1.2666667E+01    8.1250000E+00    6.2500000E-01
       530    1.2666667E+01    8.1250000E+00    1.8750000E+00
       531    1.2666667E+01    8.1250000E+00    3.1250000E+00
       532    1.2666667E+01    8.1250000E+00    4.3750000E+00
       533    1.2666667E+01    8.1250000E+00    5.6250000E+00
       534    1.2666667E+01    8.1250000E+00    6.8750000E+00
       535    1.2666667E+01    8.1250000E+00    8.1250000E+00
       536    1.2666667E+01    8.1250000E+00    9.3750000E+00
       537    1.2666667E+01    9.3750000E+00    6.2500000E-01
       538    1.2666667E+01    9.3750000E+00    1.8750000E+00
       539    1.2666667E+01    9.3750000E+00    3.1250000E+00
       540    1.2666667E+01    9.3750000E+00    4.3750000E+00
       541    1.2666667E+01    9.3750000E+00    5.6250000E+00
       542    1.2666667E+01    9.3750000E+00    6.8750000E+00
       543    1.2666667E+01    9.3750000E+00    8.1250000E+00
       544    1.2666667E+01    9.3750000E+00    9.3750000E+00
       545    1.2666667E+01    1.0625000E+01    6.2500000E-01
       546    1.2666667E+01    1.0625000E+01    1.8750000E+00
       547    1.2666667E+01    1.0625000E+01    3.1250000E+00
       548    1.2666667E+01    1.0625000E+01    4.3750000E+00
       549    1.2666667E+01    1.0625000E+01    5.6250000E+00
       550    1.2666667E+01    1.0625000E+01    6.8750000E+00
       551    1.2666667E+01    1.0625000E+01    8.1250000E+00
       552    1.2666667E+01    1.0625000E+01    9.3750000E+00
       553    1.2666667E+01    1.1875000E+01    6.2500000E-01
       554    1.2666667E+01    1.1875000E+01    1.8750000E+00
       555    1.2666667E+01    1.1875000E+01    3.1250000E+00
       556    1.2666667E+01    1.1875000E+01    4.3750000E+00
       557    1.2666667E+01    1.1875000E+01    5.6250000E+00
       558    1.2666667E+01    1.1875000E+01    6.8750000E+00
       559    1.2666667E+01    1.1875000E+01    8.1250000E+00
       560    1.2666667E+01    1.1875000E+01    9.3750000E+00
       561    1.2666667E+01    1.3125000E+01    6.2500000E-01
       562    1.2666667E+01    1.3125000E+01    1.8750000E+00
       563    1.2666667E+01    1.3125000E+01    3.1250000E+00
       564    1.2666667E+01    1.3125000E+01    4.3750000E+00
       565    1.2666667E+01    1.3125000E+01    5.6250000E+00
       566    1.2666667E+01    1.3125000E+01    6.8750000E+00
       567    1.2666667E+01    1.3125000E+01    8.1250000E+00
       568    1.2666667E+01    1.3125000E+01    9.3750000E+00
       569    1.2666667E+01    1.4375000E+01    6.2500000E-01
       570    1.2666667E+01    1.4375000E+01    1.8750000E+00
       571    1.2666667E+01    1.4375000E+01    3.1250000E+00
       572    1.2666667E+01    1.4375000E+01    4.3750000E+00
       573    1.2666667E+01    1.4375000E+01    5.6250000E+00
       574    1.2666667E+01    1.4375000E+01    6.8750000E+00
       575    1.2666667E+01    1.4375000E+01    8.1250000E+00
       576    1.2666667E+01    1.4375000E+01    9.3750000E+00
       577    1.1333333E+01    6.2500000E-01    6.2500000E-01
       578    1.1333333E+01    6.2500000E-01    1.8750000E+00
       579    1.1333333E+01    6.2500000E-01    3.1250000E+00
       580    1.1333333E+01    6.2500000E-01    4.3750000E+00
       581    1.1333333E+01    6.2500000E-01    5.6250000E+00
       582    1.1333333E+01    6.2500000E-01    6.8750000E+00
       583    1.1333333E+01    6.2500000E-01    8.1250000E+00
       584    1.1333333E+01    6.2500000E-01    9.3750000E+00
       585    1.1333333E+01    1.8750000E+00    6.2500000E-01
       586    1.1333333E+01    1.8750000E+00    1.8750000E+00
       587    1.1333333E+01    1.8750000E+00    3.1250000E+00
       588    1.1333333E+01    1.8750000E+00    4.3750000E+00
       589    1.1333333E+01    1.8750000E+00    5.6250000E+00
       590    1.1333333E+01    1.8750000E+00    6.8750000E+00
       591    1.1333333E+01    1.8750000E+00    8.1250000E+00
       592    1.1333333E+01    1.8750000E+00    9.3750000E+00
       593    1.1333333E+01    3.1250000E+00    6.2500000E-01
       594    1.1333333E+01    3.1250000E+00    1.8750000E+00
       595    1.1333333E+01    3.1250000E+00    3.1250000E+00
       596    1.1333333E+01    3.1250000E+00    4.3750000E+00
       597    1.1333333E+01    3.1250000E+00    5.6250000E+00
       598    1.1333333E+01    3.1250000E+00    6.8750000E+00
       599    1.1333333E+01    3.1250000E+00    8.1250000E+00
       600    1.1333333E+01    3.1250000E+00    9.3750000E+00
       601    1.1333333E+01    4.3750000E+00    6.2500000E-01
       602    1.1333333E+01    4.3750000E+00    1.8750000E+00
       603    1.1333333E+01    4.3750000E+00    3.1250000E+00
       604    1.1333333E+01    4.3750000E+00    4.3750000E+00
       605    1.1333333E+01    4.3750000E+00    5.6250000E+00
       606    1.1333333E+01    4.3750000E+00    6.8750000E+00
       607    1.1333333E+01    4.3750000E+00    8.1250000E+00
       608    1.1333333E+01    4.3750000E+00    9.3750000E+00
       609    1.1333333E+01    5.6250000E+00    6.2500000E-01
       610    1.1333333E+01    5.6250000E+00    1.8750000E+00
       611    1.1333333E+01    5.6250000E+00    3.1250000E+00
       612    1.1333333E+01    5.6250000E+00    4.3750000E+00
       613    1.1333333E+01    5.6250000E+00    5.6250000E+00
       614    1.1333333E+01    5.6250000E+00    6.8750000E+00
       615    1.1333333E+01    5.6250000E+00    8.1250000E+00
       616    1.1333333E+01    5.6250000E+00    9.3750000E+00
       617    1.1333333E+01    6.8750000E+00    6.2500000E-01
       618    1.1333333E+01    6.8750000E+00    1.8750000E+00
       619    1.1333333E+01    6.8750000E+00    3.1250000E+00
       620    1.1333333E+01    6.8750000E+00    4.3750000E+00
       621    1.1333333E+01    6.8750000E+00    5.6250000E+00
       622    1.1333333E+01    6.8750000E+00    6.8750000E+00
       623    1.1333333E+01    6.8750000E+00    8.1250000E+00
       624    1.1333333E+01    6.8750000E+00    9.3750000E+00
       625    1.1333333E+01    8.1250000E+00    6.2500000E-01
       626    1.1333333E+01    8.1250000E+00    1.8750000E+00
       627    1.1333333E+01    8.1250000E+00    3.1250000E+00
       628    1.1333333E+01    8.1250000E+00    4.3750000E+00
       629    1.1333333E+01    8.1250000E+00    5.6250000E+00
       630    1.1333333E+01    8.1250000E+00    6.8750000E+00
       631    1.1333333E+01    8.1250000E+00    8.1250000E+00
       632    1.1333333E+01    8.1250000E+00    9.3750000E+00
       633    1.1333333E+01    9.3750000E+00    6.2500000E-01
       634    1.1333333E+01    9.3750000E+00    1.8750000E+00
       635    1.1333333E+01    9.3750000E+00    3.1250000E+00
       636    1.1333333E+01    9.3750000E+00    4.3750000E+00
       637    1.1333333E+01    9.3750000E+00    5.6250000E+00
       638    1.1333333E+01    9.3750000E+00    6.8750000E+00
       639    1.1333333E+01    9.3750000E+00    8.1250000E+00
       640    1.1333333E+01    9.3750000E+00    9.3750000E+00
       641    1.1333333E+01    1.0625000E+01    6.2500000E-01
       642    1.1333333E+01    1.0625000E+01    1.8750000E+00
       643    1.1333333E+01    1.0625000E+01    3.1250000E+00
       644    1.1333333E+01    1.0625000E+01    4.3750000E+00
       645    1.1333333E+01    1.0625000E+01    5.6250000E+00
       646    1.1333333E+01    1.0625000E+01    6.8750000E+00
       647    1.1333333E+01    1.0625000E+01    8.1250000E+00
       648    1.1333333E+01    1.0625000E+01    9.3750000E+00
       649    1.1333333E+01    1.1875000E+01    6.2500000E-01
       650    1.1333333E+01    1.1875000E+01    1.8750000E+00
       651    1.1333333E+01    1.1875000E+01    3.1250000E+00
       652    1.1333333E+01    1.1875000E+01    4.3750000E+00
       653    1.1333333E+01    1.1875000E+01    5.6250000E+00
       654    1.1333333E+01    1.1875000E+01    6.8750000E+00
       655    1.1333333E+01    1.1875000E+01    8.1250000E+00
       656    1.1333333E+01    1.1875000E+01    9.3750000E+00
       657    1.1333333E+01    1.3125000E+01    6.2500000E-01
       658    1.1333333E+01    1.3125000E+01    1.8750000E+00
       659    1.1333333E+01    1.3125000E+01    3.1250000E+00
       660    1.1333333E+01    1.3125000E+01    4.3750000E+00
       661    1.1333333E+01    1.3125000E+01    5.6250000E+00
       662    1.1333333E+01    1.3125000E+01    6.8750000E+00
       663    1.1333333E+01    1.3125000E+01    8.1250000E+00
       664    1.1333333E+01    1.3125000E+01    9.3750000E+00
       665    1.1333333E+01    1.4375000E+01    6.2500000E-01
       666    1.1333333E+01    1.4375000E+01    1.8750000E+00
       667    1.1333333E+01    1.4375000E+01    3.1250000E+00
       668    1.1333333E+01    1.4375000E+01    4.3750000E+00
       669    1.1333333E+01    1.4375000E+01    5.6250000E+00
       670    1.1333333E+01    1.4375000E+01    6.8750000E+00
       671    1.1333333E+01    1.4375000E+01    8.1250000E+00
       672    1.1333333E+01    1.4375000E+01    9.3750000E+00
       673    1.0000000E+01    6.2500000E-01    6.2500000E-01
       674    1.0000000E+01    6.2500000E-01    1.8750000E+00
       675    1.0000000E+01    6.2500000E-01    3.1250000E+00
       676    1.0000000E+01    6.2500000E-01    4.3750000E+00
       677    1.0000000E+01    6.2500000E-01    5.6250000E+00
       678    1.0000000E+01    6.2500000E-01    6.8750000E+00
       679    1.0000000E+01    6.2500000E-01    8.1250000E+00
       680    1.0000000E+01    6.2500000E-01    9.3750000E+00
       681    1.0000000E+01    1.8750000E+00    6.2500000E-01
       682    1.0000000E+01    1.8750000E+00    1.8750000E+00
       683    1.0000000E+01    1.8750000E+00    3.1250000E+00
       684    1.0000000E+01    1.8750000E+00    4.3750000E+00
       685    1.0000000E+01    1.8750000E+00    5.6250000E+00
       686    1.0000000E+01    1.8750000E+00    6.8750000E+00
       687    1.0000000E+01    1.8750000E+00    8.1250000E+00
       688    1.0000000E+01    1.8750000E+00    9.3750000E+00
       689    1.0000000E+01    3.1250000E+00    6.2500000E-01
       690    1.0000000E+01    3.1250000E+00    1.8750000E+00
       691    1.0000000E+01    3.1250000E+00    3.1250000E+00
       692    1.0000000E+01    3.1250000E+00    4.3750000E+00
       693    1.0000000E+01    3.1250000E+00    5.6250000E+00
       694    1.0000000E+01    3.1250000E+00    6.8750000E+00
       695    1.0000000E+01    3.1250000E+00    8.1250000E+00
       696    1.0000000E+01    3.1250000E+00    9.3750000E+00
       697    1.0000000E+01    4.3750000E+00    6.2500000E-01
       698    1.0000000E+01    4.3750000E+00    1.8750000E+00
       699    1.0000000E+01    4.3750000E+00    3.1250000E+00
       700    1.0000000E+01    4.3750000E+00    4.3750000E+00
       701    1.0000000E+01    4.3750000E+00    5.6250000E+00
       702    1.0000000E+01    4.3750000E+00    6.8750000E+00
       703    1.0000000E+01    4.3750000E+00    8.1250000E+00
       704    1.0000000E+01    4.3750000E+00    9.3750000E+00
       705    1.0000000E+01    5.6250000E+00    6.2500000E-01
       706    1.0000000E+01    5.6250000E+00    1.8750000E+00
       707    1.0000000E+01    5.6250000E+00    3.1250000E+00
       708    1.0000000E+01    5.6250000E+00    4.3750000E+00
       709    1.0000000E+01    5.6250000E+00    5.6250000E+00
       710    1.0000000E+01    5.6250000E+00    6.8750000E+00
       711    1.0000000E+01    5.6250000E+00    8.1250000E+00
       712    1.0000000E+01    5.6250000E+00    9.3750000E+00
       713    1.0000000E+01    6.8750000E+00    6.2500000E-01
       714    1.0000000E+01    6.8750000E+00    1.8750000E+00
       715    1.0000000E+01    6.8750000E+00    3.1250000E+00
       716    1.0000000E+01    6.8750000E+00    4.3750000E+00
       717    1.0000000E+01    6.8750000E+00    5.6250000E+00
       718    1.0000000E+01    6.8750000E+00    6.8750000E+00
       719    1.0000000E+01    6.8750000E+00    8.1250000E+00
       720    1.0000000E+01    6.8750000E+00    9.3750000E+00
       721    1.0000000E+01    8.1250000E+00    6.2500000E-01
       722    1.0000000E+01    8.1250000E+00    1.8750000E+00
       723    1.0000000E+01    8.1250000E+00    3.1250000E+00
       724    1.0000000E+01    8.1250000E+00    4.3750000E+00
       725    1.0000000E+01    8.1250000E+00    5.6250000E+00
       726    1.0000000E+01    8.1250000E+00    6.8750000E+00
       727    1.0000000E+01    8.1250000E+00    8.1250000E+00
       728    1.0000000E+01    8.1250000E+00    9.3750000E+00
       729    1.0000000E+01    9.3750000E+00    6.2500000E-01
       730    1.0000000E+01    9.3750000E+00    1.8750000E+00
       731    1.0000000E+01    9.3750000E+00    3.1250000E+00
       732    1.0000000E+01    9.3750000E+00    4.3750000E+00
       733    1.0000000E+01    9.3750000E+00    5.6250000E+00
       734    1.0000000E+01    9.3750000E+00    6.8750000E+00
       735    1.0000000E+01    9.3750000E+00    8.1250000E+00
       736    1.0000000E+01    9.3750000E+00    9.3750000E+00
       737    1.0000000E+01    1.0625000E+01    6.2500000E-01
       738    1.0000000E+01    1.0625000E+01    1.8750000E+00
       739    1.0000000E+01    1.0625000E+01    3.1250000E+00
       740    1.0000000E+01    1.0625000E+01    4.3750000E+00
       741    1.0000000E+01    1.0625000E+01    5.6250000E+00
       742    1.0000000E+01    1.0625000E+01    6.8750000E+00
       743    1.0000000E+01    1.0625000E+01    8.1250000E+00
       744    1.0000000E+01    1.0625000E+01    9.3750000E+00
       745    1.0000000E+01    1.1875000E+01    6.2500000E-01
       746    1.0000000E+01    1.1875000E+01    1.8750000E+00
       747    1.0000000E+01    1.1875000E+01    3.1250000E+00
       748    1.0000000E+01    1.1875000E+01    4.3750000E+00
       749    1.0000000E+01    1.1875000E+01    5.6250000E+00
       750    1.0000000E+01    1.1875000E+01    6.8750000E+00
       751    1.0000000E+01    1.1875000E+01    8.1250000E+00
       752    1.0000000E+01    1.1875000E+01    9.3750000E+00
       753    1.0000000E+01    1.3125000E+01    6.2500000E-01
       754    1.0000000E+01    1.3125000E+01    1.8750000E+00
       755    1.0000000E+01    1.3125000E+01    3.1250000E+00
       756    1.0000000E+01    1.3125000E+01    4.3750000E+00
       757    1.0000000E+01    1.3125000E+01    5.6250000E+00
       758    1.0000000E+01    1.3125000E+01    6.8750000E+00
       759    1.0000000E+01    1.3125000E+01    8.1250000E+00
       760    1.0000000E+01    1.3125000E+01    9.3750000E+00
       761    1.0000000E+01    1.4375000E+01    6.2500000E-01
       762    1.0000000E+01    1.4375000E+01    1.8750000E+00
       763    1.0000000E+01    1.4375000E+01    3.1250000E+00
       764    1.0000000E+01    1.4375000E+01    4.3750000E+00
       765    1.0000000E+01    1.4375000E+01    5.6250000E+00
       766    1.0000000E+01    1.4375000E+01    6.8750000E+00
       767    1.0000000E+01    1.4375000E+01    8.1250000E+00
       768    1.0000000E+01    1.4375000E+01    9.3750000E+00
       769    8.6666667E+00    6.2500000E-01    6.2500000E-01
       770    8.6666667E+00    6.2500000E-01    1.8750000E+00
       771    8.6666667E+00    6.2500000E-01    3.1250000E+00
       772    8.6666667E+00    6.2500000E-01    4.3750000E+00
       773    8.6666667E+00    6.2500000E-01    5.6250000E+00
       774    8.6666667E+00    6.2500000E-01    6.8750000E+00
       775    8.6666667E+00    6.2500000E-01    8.1250000E+00
       776    8.6666667E+00    6.2500000E-01    9.3750000E+00
       777    8.6666667E+00    1.8750000E+00    6.2500000E-01
       778    8.6666667E+00    1.8750000E+00    1.8750000E+00
       779    8.6666667E+00    1.8750000E+00    3.1250000E+00
       780    8.6666667E+00    1.8750000E+00    4.3750000E+00
       781    8.6666667E+00    1.8750000E+00    5.6250000E+00
       782    8.6666667E+00    1.8750000E+00    6.8750000E+00
       783    8.6666667E+00    1.8750000E+00    8.1250000E+00
       784    8.6666667E+00    1.8750000E+00    9.3750000E+00
       785    8.6666667E+00    3.1250000E+00    6.2500000E-01
       786    8.6666667E+00    3.1250000E+00    1.8750000E+00
       787    8.6666667E+00    3.1250000E+00    3.1250000E+00
       788    8.6666667E+00    3.1250000E+00    4.3750000E+00
       789    8.6666667E+00    3.1250000E+00    5.6250000E+00
       790    8.6666667E+00    3.1250000E+00    6.8750000E+00
       791    8.6666667E+00    3.1250000E+00    8.1250000E+00
       792    8.6666667E+00    3.1250000E+00    9.3750000E+00
       793    8.6666667E+00    4.3750000E+00    6.2500000E-01
       794    8.6666667E+00    4.3750000E+00    1.8750000E+00
       795    8.6666667E+00    4.3750000E+00    3.1250000E+00
       796    8.6666667E+00    4.3750000E+00    4.3750000E+00
       797    8.6666667E+00    4.3750000E+00    5.6250000E+00
       798    8.6666667E+00    4.3750000E+00    6.8750000E+00
       799    8.6666667E+00    4.3750000E+00    8.1250000E+00
       800    8.6666667E+00    4.3750000E+00    9.3750000E+00
       801    8.6666667E+00    5.6250000E+00    6.2500000E-01
       802    8.6666667E+00    5.6250000E+00    1.8750000E+00
       803    8.6666667E+00    5.6250000E+00    3.1250000E+00
       804    8.6666667E+00    5.6250000E+00    4.3750000E+00
       805    8.6666667E+00    5.6250000E+00    5.6250000E+00
       806    8.6666667E+00    5.6250000E+00    6.8750000E+00
       807    8.6666667E+00    5.6250000E+00    8.1250000E+00
       808    8.6666667E+00    5.6250000E+00    9.3750000E+00
       809    8.6666667E+00    6.8750000E+00    6.2500000E-01
       810    8.6666667E+00    6.8750000E+00    1.8750000E+00
       811    8.6666667E+00    6.8750000E+00    3.1250000E+00
       812    8.6666667E+00    6.8750000E+00    4.3750000E+00
       813    8.6666667E+00    6.8750000E+00    5.6250000E+00
       814    8.6666667E+00    6.8750000E+00    6.8750000E+00
       815    8.6666667E+00    6.8750000E+00    8.1250000E+00
       816    8.6666667E+00    6.8750000E+00    9.3750000E+00
       817    8.6666667E+00    8.1250000E+00    6.2500000E-01
       818    8.6666667E+00    8.1250000E+00    1.8750000E+00
       819    8.6666667E+00    8.1250000E+00    3.1250000E+00
       820    8.6666667E+00    8.1250000E+00    4.3750000E+00
       821    8.6666667E+00    8.1250000E+00    5.6250000E+00
       822    8.6666667E+00    8.1250000E+00    6.8750000E+00
       823    8.6666667E+00    8.1250000E+00    8.1250000E+00
       824    8.6666667E+00    8.1250000E+00    9.3750000E+00
       825    8.6666667E+00    9.3750000E+00    6.2500000E-01
       826    8.6666667E+00    9.3750000E+00    1.8750000E+00
       827    8.6666667E+00    9.3750000E+00    3.1250000E+00
       828    8.6666667E+00    9.3750000E+00    4.3750000E+00
       829    8.6666667E+00    9.3750000E+00    5.6250000E+00
       830    8.6666667E+00    9.3750000E+00    6.8750000E+00
       831    8.6666667E+00    9.3750000E+00    8.1250000E+00
       832    8.6666667E+00    9.3750000E+00    9.3750000E+00
       833    8.6666667E+00    1.0625000E+01    6.2500000E-01
       834    8.6666667E+00    1.0625000E+01    1.8750000E+00
       835    8.6666667E+00    1.0625000E+01    3.1250000E+00
       836    8.6666667E+00    1.0625000E+01    4.3750000E+00
       837    8.6666667E+00    1.0625000E+01    5.6250000E+00
       838    8.6666667E+00    1.0625000E+01    6.8750000E+00
       839    8.6666667E+00    1.0625000E+01    8.1250000E+00
       840    8.6666667E+00    1.0625000E+01    9.3750000E+00
       841    8.6666667E+00    1.1875000E+01    6.2500000E-01
       842    8.6666667E+00    1.1875000E+01    1.8750000E+00
       843    8.6666667E+00    1.1875000E+01    3.1250000E+00
       844    8.6666667E+00    1.1875000E+01    4.3750000E+00
       845    8.6666667E+00    1.1875000E+01    5.6250000E+00
       846    8.6666667E+00    1.1875000E+01    6.8750000E+00
       847    8.6666667E+00    1.1875000E+01    8.1250000E+00
       848    8.6666667E+00    1.1875000E+01    9.3750000E+00
       849    8.6666667E+00    1.3125000E+01    6.2500000E-01
       850    8.6666667E+00    1.3125000E+01    1.8750000E+00
       851    8.6666667E+00    1.3125000E+01    3.1250000E+00
       852    8.6666667E+00    1.3125000E+01    4.3750000E+00
       853    8.6666667E+00    1.3125000E+01    5.6250000E+00
       854    8.6666667E+00    1.3125000E+01    6.8750000E+00
       855    8.6666667E+00    1.3125000E+01    8.1250000E+00
       856    8.6666667E+00    1.3125000E+01    9.3750000E+00
       857    8.6666667E+00    1.4375000E+01    6.2500000E-01
       858    8.6666667E+00    1.4375000E+01    1.8750000E+00
       859    8.6666667E+00    1.4375000E+01    3.1250000E+00
       860    8.6666667E+00    1.4375000E+01    4.3750000E+00
       861    8.6666667E+00    1.4375000E+01    5.6250000E+00
       862    8.6666667E+00    1.4375000E+01    6.8750000E+00
       863    8.6666667E+00    1.4375000E+01    8.1250000E+00
       864    8.6666667E+00    1.4375000E+01    9.3750000E+00
       865    7.3333333E+00    6.2500000E-01    6.2500000E-01
       866    7.3333333E+00    6.2500000E-01    1.8750000E+00
       867    7.3333333E+00    6.2500000E-01    3.1250000E+00
       868    7.3333333E+00    6.2500000E-01    4.3750000E+00
       869    7.3333333E+00    6.2500000E-01    5.6250000E+00
       870    7.3333333E+00    6.2500000E-01    6.8750000E+00
       871    7.3333333E+00    6.2500000E-01    8.1250000E+00
       872    7.3333333E+00    6.2500000E-01    9.3750000E+00
       873    7.3333333E+00    1.8750000E+00    6.2500000E-01
       874    7.3333333E+00    1.8750000E+00    1.8750000E+00
       875    7.3333333E+00    1.8750000E+00    3.1250000E+00
       876    7.3333333E+00    1.8750000E+00    4.3750000E+00
       877    7.3333333E+00    1.8750000E+00    5.6250000E+00
       878    7.3333333E+00    1.8750000E+00    6.8750000E+00
       879    7.3333333E+00    1.8750000E+00    8.1250000E+00
       880    7.3333333E+00    1.8750000E+00    9.3750000E+00
       881    7.3333333E+00    3.1250000E+00    6.2500000E-01
       882    7.3333333E+00    3.1250000E+00    1.8750000E+00
       883    7.3333333E+00    3.1250000E+00    3.1250000E+00
       884    7.3333333E+00    3.1250000E+00    4.3750000E+00
       885    7.3333333E+00    3.1250000E+00    5.6250000E+00
       886    7.3333333E+00    3.1250000E+00    6.8750000E+00
       887    7.3333333E+00    3.1250000E+00    8.1250000E+00
       888    7.3333333E+00    3.1250000E+00    9.3750000E+00
       889    7.3333333E+00    4.3750000E+00    6.2500000E-01
       890    7.3333333E+00    4.3750000E+00    1.8750000E+00
       891    7.3333333E+00    4.3750000E+00    3.1250000E+00
       892    7.3333333E+00    4.3750000E+00    4.3750000E+00
       893    7.3333333E+00    4.3750000E+00    5.6250000E+00
       894    7.3333333E+00    4.3750000E+00    6.8750000E+00
       895    7.3333333E+00    4.3750000E+00    8.1250000E+00
       896    7.3333333E+00    4.3750000E+00    9.3750000E+00
       897    7.3333333E+00    5.6250000E+00    6.2500000E-01
       898    7.3333333E+00    5.6250000E+00    1.8750000E+00
       899    7.3333333E+00    5.6250000E+00    3.1250000E+00
       900    7.3333333E+00    5.6250000E+00    4.3750000E+00
       901    7.3333333E+00    5.6250000E+00    5.6250000E+00
       902    7.3333333E+00    5.6250000E+00    6.8750000E+00
       903    7.3333333E+00    5.6250000E+00    8.1250000E+00
       904    7.3333333E+00    5.6250000E+00    9.3750000E+00
       905    7.3333333E+00    6.8750000E+00    6.2500000E-01
       906    7.3333333E+00    6.8750000E+00    1.8750000E+00
       907    7.3333333E+00    6.8750000E+00    3.1250000E+00
       908    7.3333333E+00    6.8750000E+00    4.3750000E+00
       909    7.3333333E+00    6.8750000E+00    5.6250000E+00
       910    7.3333333E+00    6.8750000E+00    6.8750000E+00
       911    7.3333333E+00    6.8750000E+00    8.1250000E+00
       912    7.3333333E+00    6.8750000E+00    9.3750000E+00
       913    7.3333333E+00    8.1250000E+00    6.2500000E-01
       914    7.3333333E+00    8.1250000E+00    1.8750000E+00
       915    7.3333333E+00    8.1250000E+00    3.1250000E+00
       916    7.3333333E+00    8.1250000E+00    4.3750000E+00
       917    7.3333333E+00    8.1250000E+00    5.6250000E+00
       918    7.3333333E+00    8.1250000E+00    6.8750000E+00
       919    7.3333333E+00    8.1250000E+00    8.1250000E+00
       920    7.3333333E+00    8.1250000E+00    9.3750000E+00
       921    7.3333333E+00    9.3750000E+00    6.2500000E-01
       922    7.3333333E+00    9.3750000E+00    1.8750000E+00
       923    7.3333333E+00    9.3750000E+00    3.1250000E+00
       924    7.3333333E+00    9.3750000E+00    4.3750000E+00
       925    7.3333333E+00    9.3750000E+00    5.6250000E+00
       926    7.3333333E+00    9.3750000E+00    6.8750000E+00
       927    7.3333333E+00    9.3750000E+00    8.1250000E+00
       928    7.3333333E+00    9.3750000E+00    9.3750000E+00
       929    7.3333333E+00    1.0625000E+01    6.2500000E-01
       930    7.3333333E+00    1.0625000E+01    1.8750000E+00
       931    7.3333333E+00    1.0625000E+01    3.1250000E+00
       932    7.3333333E+00    1.0625000E+01    4.3750000E+00
       933    7.3333333E+00    1.0625000E+01    5.6250000E+00
       934    7.3333333E+00    1.0625000E+01    6.8750000E+00
       935    7.3333333E+00    1.0625000E+01    8.1250000E+00
       936    7.3333333E+00    1.0625000E+01    9.3750000E+00
       937    7.3333333E+00    1.1875000E+01    6.2500000E-01
       938    7.3333333E+00    1.1875000E+01    1.8750000E+00
       939    7.3333333E+00    1.1875000E+01    3.1250000E+00
       940    7.3333333E+00    1.1875000E+01    4.3750000E+00
       941    7.3333333E+00    1.1875000E+01    5.6250000E+00
       942    7.3333333E+00    1.1875000E+01    6.8750000E+00
       943    7.3333333E+00    1.1875000E+01    8.1250000E+00
       944    7.3333333E+00    1.1875000E+01    9.3750000E+00
       945    7.3333333E+00    1.3125000E+01    6.2500000E-01
       946    7.3333333E+00    1.3125000E+01    1.8750000E+00
       947    7.3333333E+00    1.3125000E+01    3.1250000E+00
       948    7.3333333E+00    1.3125000E+01    4.3750000E+00
       949    7.3333333E+00    1.3125000E+01    5.6250000E+00
       950    7.3333333E+00    1.3125000E+01    6.8750000E+00
       951    7.3333333E+00    1.3125000E+01    8.1250000E+00
       952    7.3333333E+00    1.3125000E+01    9.3750000E+00
       953    7.3333333E+00    1.4375000E+01    6.2500000E-01
       954    7.3333333E+00    1.4375000E+01    1.8750000E+00
       955    7.3333333E+00    1.4375000E+01    3.1250000E+00
       956    7.3333333E+00    1.4375000E+01    4.3750000E+00
       957    7.3333333E+00    1.4375000E+01    5.6250000E+00
       958    7.3333333E+00    1.4375000E+01    6.8750000E+00
       959    7.3333333E+00    1.4375000E+01    8.1250000E+00
       960    7.3333333E+00    1.4375000E+01    9.3750000E+00
       961    6.0000000E+00    6.2500000E-01    6.2500000E-01
       962    6.0000000E+00    6.2500000E-01    1.8750000E+00
       963    6.0000000E+00    6.2500000E-01    3.1250000E+00
       964    6.0000000E+00    6.2500000E-01    4.3750000E+00
       965    6.0000000E+00    6.2500000E-01    5.6250000E+00
       966    6.0000000E+00    6.2500000E-01    6.8750000E+00
       967    6.0000000E+00    6.2500000E-01    8.1250000E+00
       968    6.0000000E+00    6.2500000E-01    9.3750000E+00
       969    6.0000000E+00    1.8750000E+00    6.2500000E-01
       970    6.0000000E+00    1.8750000E+00    1.8750000E+00
       971    6.0000000E+00    1.8750000E+00    3.1250000E+00
       972    6.0000000E+00    1.8750000E+00    4.3750000E+00
       973    6.0000000E+00    1.8750000E+00    5.6250000E+00
       974    6.0000000E+00    1.8750000E+00    6.8750000E+00
       975    6.0000000E+00    1.8750000E+00    8.1250000E+00
       976    6.0000000E+00    1.8750000E+00    9.3750000E+00
       977    6.0000000E+00    3.1250000E+00    6.2500000E-01
       978    6.0000000E+00    3.1250000E+00    1.8750000E+00
       979    6.0000000E+00    3.1250000E+00    3.1250000E+00
       980    6.0000000E+00    3.1250000E+00    4.3750000E+00
       981    6.0000000E+00    3.1250000E+00    5.6250000E+00
       982    6.0000000E+00    3.1250000E+00    6.8750000E+00
       983    6.0000000E+00    3.1250000E+00    8.1250000E+00
       984    6.0000000E+00    3.1250000E+00    9.3750000E+00
       985    6.0000000E+00    4.3750000E+00    6.2500000E-01
       986    6.0000000E+00    4.3750000E+00    1.8750000E+00
       987    6.0000000E+00    4.3750000E+00    3.1250000E+00
       988    6.0000000E+00    4.3750000E+00    4.3750000E+00
       989    6.0000000E+00    4.3750000E+00    5.6250000E+00
       990    6.0000000E+00    4.3750000E+00    6.8750000E+00
       991    6.0000000E+00    4.3750000E+00    8.1250000E+00
       992    6.0000000E+00    4.3750000E+00    9.3750000E+00
       993    6.0000000E+00    5.6250000E+00    6.2500000E-01
       994    6.0000000E+00    5.6250000E+00    1.8750000E+00
       995    6.0000000E+00    5.6250000E+00    3.1250000E+00
       996    6.0000000E+00    5.6250000E+00    4.3750000E+00
       997    6.0000000E+00    5.6250000E+00    5.6250000E+00
       998    6.0000000E+00    5.6250000E+00    6.8750000E+00
       999    6.0000000E+00    5.6250000E+00    8.1250000E+00
      1000    6.0000000E+00    5.6250000E+00    9.3750000E+00
      1001    6.0000000E+00    6.8750000E+00    6.2500000E-01
      1002    6.0000000E+00    6.8750000E+00    1.8750000E+00
      1003    6.0000000E+00    6.8750000E+00    3.1250000E+00
      1004    6.0000000E+00    6.8750000E+00    4.3750000E+00
      1005    6.0000000E+00    6.8750000E+00    5.6250000E+00
      1006    6.0000000E+00    6.8750000E+00    6.8750000E+00
      1007    6.0000000E+00    6.8750000E+00    8.1250000E+00
      1008    6.0000000E+00    6.8750000E+00    9.3750000E+00
      1009    6.0000000E+00    8.1250000E+00    6.2500000E-01
      1010    6.0000000E+00    8.1250000E+00    1.8750000E+00
      1011    6.0000000E+00    8.1250000E+00    3.1250000E+00
      1012    6.0000000E+00    8.1250000E+00    4.3750000E+00
      1013    6.0000000E+00    8.1250000E+00    5.6250000E+00
      1014    6.0000000E+00    8.1250000E+00    6.8750000E+00
      1015    6.0000000E+00    8.1250000E+00    8.1250000E+00
      1016    6.0000000E+00    8.1250000E+00    9.3750000E+00
      1017    6.0000000E+00    9.3750000E+00    6.2500000E-01
      1018    6.0000000E+00    9.3750000E+00    1.8750000E+00
      1019    6.0000000E+00    9.3750000E+00    3.1250000E+00
      1020    6.0000000E+00    9.3750000E+00    4.3750000E+00
      1021    6.0000000E+00    9.3750000E+00    5.6250000E+00
      1022    6.0000000E+00    9.3750000E+00    6.8750000E+00
      1023    6.0000000E+00    9.3750000E+00    8.1250000E+00
      1024    6.0000000E+00    9.3750000E+00    9.3750000E+00
      1025    6.0000000E+00    1.0625000E+01    6.2500000E-01
      1026    6.0000000E+00    1.0625000E+01    1.8750000E+00
      1027    6.0000000E+00    1.0625000E+01    3.1250000E+00
      1028    6.0000000E+00    1.0625000E+01    4.3750000E+00
      1029    6.0000000E+00    1.0625000E+01    5.6250000E+00
      1030    6.0000000E+00    1.0625000E+01    6.8750000E+00
      1031    6.0000000E+00    1.0625000E+01    8.1250000E+00
      1032    6.0000000E+00    1.0625000E+01    9.3750000E+00
      1033    6.0000000E+00    1.1875000E+01    6.2500000E-01
      1034    6.0000000E+00    1.1875000E+01    1.8750000E+00
      1035    6.0000000E+00    1.1875000E+01    3.1250000E+00
      1036    6.0000000E+00    1.1875000E+01    4.3750000E+00
      1037    6.0000000E+00    1.1875000E+01    5.6250000E+00
      1038    6.0000000E+00    1.1875000E+01    6.8750000E+00
      1039    6.0000000E+00    1.1875000E+01    8.1250000E+00
      1040    6.0000000E+00    1.1875000E+01    9.3750000E+00
      1041    6.0000000E+00    1.3125000E+01    6.2500000E-01
      1042    6.0000000E+00    1.3125000E+01    1.8750000E+00
      1043    6.0000000E+00    1.3125000E+01    3.1250000E+00
      1044    6.0000000E+00    1.3125000E+01    4.3750000E+00
      1045    6.0000000E+00    1.3125000E+01    5.6250000E+00
      1046    6.0000000E+00    1.3125000E+01    6.8750000E+00
      1047    6.0000000E+00    1.3125000E+01    8.1250000E+00
      1048    6.0000000E+00    1.3125000E+01    9.3750000E+00
      1049    6.0000000E+00    1.4375000E+01    6.2500000E-01
      1050    6.0000000E+00    1.4375000E+01    1.8750000E+00
      1051    6.0000000E+00    1.4375000E+01    3.1250000E+00
      1052    6.0000000E+00    1.4375000E+01    4.3750000E+00
      1053    6.0000000E+00    1.4375000E+01    5.6250000E+00
      1054    6.0000000E+00    1.4375000E+01    6.8750000E+00
      1055    6.0000000E+00    1.4375000E+01    8.1250000E+00
      1056    6.0000000E+00    1.4375000E+01    9.3750000E+00
      1057    4.6666667E+00    6.2500000E-01    6.2500000E-01
      1058    4.6666667E+00    6.2500000E-01    1.8750000E+00
      1059    4.6666667E+00    6.2500000E-01    3.1250000E+00
      1060    4.6666667E+00    6.2500000E-01    4.3750000E+00
      1061    4.6666667E+00    6.2500000E-01    5.6250000E+00
      1062    4.6666667E+00    6.2500000E-01    6.8750000E+00
      1063    4.6666667E+00    6.2500000E-01    8.1250000E+00
      1064    4.6666667E+00    6.2500000E-01    9.3750000E+00
      1065    4.6666667E+00    1.8750000E+00    6.2500000E-01
      1066    4.6666667E+00    1.8750000E+00    1.8750000E+00
      1067    4.6666667E+00    1.8750000E+00    3.1250000E+00
      1068    4.6666667E+00    1.8750000E+00    4.3750000E+00
      1069    4.6666667E+00    1.8750000E+00    5.6250000E+00
      1070    4.6666667E+00    1.8750000E+00    6.8750000E+00
      1071    4.6666667E+00    1.8750000E+00    8.1250000E+00
      1072    4.6666667E+00    1.8750000E+00    9.3750000E+00
      1073    4.6666667E+00    3.1250000E+00    6.2500000E-01
      1074    4.6666667E+00    3.1250000E+00    1.8750000E+00
      1075    4.6666667E+00    3.1250000E+00    3.1250000E+00
      1076    4.6666667E+00    3.1250000E+00    4.3750000E+00
      1077    4.6666667E+00    3.1250000E+00    5.6250000E+00
      1078    4.6666667E+00    3.1250000E+00    6.8750000E+00
      1079    4.6666667E+00    3.1250000E+00    8.1250000E+00
      1080    4.6666667E+00    3.1250000E+00    9.3750000E+00
      1081    4.6666667E+00    4.3750000E+00    6.2500000E-01
      1082    4.6666667E+00    4.3750000E+00    1.8750000E+00
      1083    4.6666667E+00    4.3750000E+00    3.1250000E+00
      1084    4.6666667E+00    4.3750000E+00    4.3750000E+00
      1085    4.6666667E+00    4.3750000E+00    5.6250000E+00
      1086    4.6666667E+00    4.3750000E+00    6.8750000E+00
      1087    4.6666667E+00    4.3750000E+00    8.1250000E+00
      1088    4.6666667E+00    4.3750000E+00    9.3750000E+00
      1089    4.6666667E+00    5.6250000E+00    6.2500000E-01
      1090    4.6666667E+00    5.6250000E+00    1.8750000E+00
      1091    4.6666667E+00    5.6250000E+00    3.1250000E+00
      1092    4.6666667E+00    5.6250000E+00    4.3750000E+00
      1093    4.6666667E+00    5.6250000E+00    5.6250000E+00
      1094    4.6666667E+00    5.6250000E+00    6.8750000E+00
      1095    4.6666667E+00    5.6250000E+00    8.1250000E+00
      1096    4.6666667E+00    5.6250000E+00    9.3750000E+00
      1097    4.6666667E+00    6.8750000E+00    6.2500000E-01
      1098    4.6666667E+00    6.8750000E+00    1.8750000E+00
      1099    4.6666667E+00    6.8750000E+00    3.1250000E+00
      1100    4.6666667E+00    6.8750000E+00    4.3750000E+00
      1101    4.6666667E+00    6.8750000E+00    5.6250000E+00
      1102    4.6666667E+00    6.8750000E+00    6.8750000E+00
      1103    4.6666667E+00    6.8750000E+00    8.1250000E+00
      1104    4.6666667E+00    6.8750000E+00    9.3750000E+00
      1105    4.6666667E+00    8.1250000E+00    6.2500000E-01
      1106    4.6666667E+00    8.1250000E+00    1.8750000E+00
      1107    4.6666667E+00    8.1250000E+00    3.1250000E+00
      1108    4.6666667E+00    8.1250000E+00    4.3750000E+00
      1109    4.6666667E+00    8.1250000E+00    5.6250000E+00
      1110    4.6666667E+00    8.1250000E+00    6.8750000E+00
      1111    4.6666667E+00    8.1250000E+00    8.1250000E+00
      1112    4.6666667E+00    8.1250000E+00    9.3750000E+00
      1113    4.6666667E+00    9.3750000E+00    6.2500000E-01
      1114    4.6666667E+00    9.3750000E+00    1.8750000E+00
      1115    4.6666667E+00    9.3750000E+00    3.1250000E+00
      1116    4.6666667E+00    9.3750000E+00    4.3750000E+00
      1117    4.6666667E+00    9.3750000E+00    5.6250000E+00
      1118    4.6666667E+00    9.3750000E+00    6.8750000E+00
      1119    4.6666667E+00    9.3750000E+00    8.1250000E+00
      1120    4.6666667E+00    9.3750000E+00    9.3750000E+00
      1121    4.6666667E+00    1.0625000E+01    6.2500000E-01
      1122    4.6666667E+00    1.0625000E+01    1.8750000E+00
      1123    4.6666667E+00    1.0625000E+01    3.1250000E+00
      1124    4.6666667E+00    1.0625000E+01    4.3750000E+00
      1125    4.6666667E+00    1.0625000E+01    5.6250000E+00
      1126    4.6666667E+00    1.0625000E+01    6.8750000E+00
      1127    4.6666667E+00    1.0625000E+01    8.1250000E+00
      1128    4.6666667E+00    1.0625000E+01    9.3750000E+00
      1129    4.6666667E+00    1.1875000E+01    6.2500000E-01
      1130    4.6666667E+00    1.1875000E+01    1.8750000E+00
      1131    4.6666667E+00    1.1875000E+01    3.1250000E+00
      1132    4.6666667E+00    1.1875000E+01    4.3750000E+00
      1133    4.6666667E+00    1.1875000E+01    5.6250000E+00
      1134    4.6666667E+00    1.1875000E+01    6.8750000E+00
      1135    4.6666667E+00    1.1875000E+01    8.1250000E+00
      1136    4.6666667E+00    1.1875000E+01    9.3750000E+00
      1137    4.6666667E+00    1.3125000E+01    6.2500000E-01
      1138    4.6666667E+00    1.3125000E+01    1.8750000E+00
      1139    4.6666667E+00    1.3125000E+01    3.1250000E+00
      1140    4.6666667E+00    1.3125000E+01    4.3750000E+00
      1141    4.6666667E+00    1.3125000E+01    5.6250000E+00
      1142    4.6666667E+00    1.3125000E+01    6.8750000E+00
      1143    4.6666667E+00    1.3125000E+01    8.1250000E+00
      1144    4.6666667E+00    1.3125000E+01    9.3750000E+00
      1145    4.6666667E+00    1.4375000E+01    6.2500000E-01
      1146    4.6666667E+00    1.4375000E+01    1.8750000E+00
      1147    4.6666667E+00    1.4375000E+01    3.1250000E+00
      1148    4.6666667E+00    1.4375000E+01    4.3750000E+00
      1149    4.6666667E+00    1.4375000E+01    5.6250000E+00
      1150    4.6666667E+00    1.4375000E+01    6.8750000E+00
      1151    4.6666667E+00    1.4375000E+01    8.1250000E+00
      1152    4.6666667E+00    1.4375000E+01    9.3750000E+00
      1153    3.3333333E+00    6.2500000E-01    6.2500000E-01
      1154    3.3333333E+00    6.2500000E-01    1.8750000E+00
      1155    3.3333333E+00    6.2500000E-01    3.1250000E+00
      1156    3.3333333E+00    6.2500000E-01    4.3750000E+00
      1157    3.3333333E+00    6.2500000E-01    5.6250000E+00
      1158    3.3333333E+00    6.2500000E-01    6.8750000E+00
      1159    3.3333333E+00    6.2500000E-01    8.1250000E+00
      1160    3.3333333E+00    6.2500000E-01    9.3750000E+00
      1161    3.3333333E+00    1.8750000E+00    6.2500000E-01
      1162    3.3333333E+00    1.8750000E+00    1.8750000E+00
      1163    3.3333333E+00    1.8750000E+00    3.1250000E+00
      1164    3.3333333E+00    1.8750000E+00    4.3750000E+00
      1165    3.3333333E+00    1.8750000E+00    5.6250000E+00
      1166    3.3333333E+00    1.8750000E+00    6.8750000E+00
      1167    3.3333333E+00    1.8750000E+00    8.1250000E+00
      1168    3.3333333E+00    1.8750000E+00    9.3750000E+00
      1169    3.3333333E+00    3.1250000E+00    6.2500000E-01
      1170    3.3333333E+00    3.1250000E+00    1.8750000E+00
      1171    3.3333333E+00    3.1250000E+00    3.1250000E+00
      1172    3.3333333E+00    3.1250000E+00    4.3750000E+00
      1173    3.3333333E+00    3.1250000E+00    5.6250000E+00
      1174    3.3333333E+00    3.1250000E+00    6.8750000E+00
      1175    3.3333333E+00    3.1250000E+00    8.1250000E+00
      1176    3.3333333E+00    3.1250000E+00    9.3750000E+00
      1177    3.3333333E+00    4.3750000E+00    6.2500000E-01
      1178    3.3333333E+00    4.3750000E+00    1.8750000E+00
      1179    3.3333333E+00    4.3750000E+00    3.1250000E+00
      1180    3.3333333E+00    4.3750000E+00    4.3750000E+00
      1181    3.3333333E+00    4.3750000E+00    5.6250000E+00
      1182    3.3333333E+00    4.3750000E+00    6.8750000E+00
      1183    3.3333333E+00    4.3750000E+00    8.1250000E+00
      1184    3.3333333E+00    4.3750000E+00    9.3750000E+00
      1185    3.3333333E+00    5.6250000E+00    6.2500000E-01
      1186    3.3333333E+00    5.6250000E+00    1.8750000E+00
      1187    3.3333333E+00    5.6250000E+00    3.1250000E+00
      1188    3.3333333E+00    5.6250000E+00    4.3750000E+00
      1189    3.3333333E+00    5.6250000E+00    5.6250000E+00
      1190    3.3333333E+00    5.6250000E+00    6.8750000E+00
      1191    3.3333333E+00    5.6250000E+00    8.1250000E+00
      1192    3.3333333E+00    5.6250000E+00    9.3750000E+00
      1193    3.3333333E+00    6.8750000E+00    6.2500000E-01
      1194    3.3333333E+00    6.8750000E+00    1.8750000E+00
      1195    3.3333333E+00    6.8750000E+00    3.1250000E+00
      1196    3.3333333E+00    6.8750000E+00    4.3750000E+00
      1197    3.3333333E+00    6.8750000E+00    5.6250000E+00
      1198    3.3333333E+00    6.8750000E+00    6.8750000E+00
      1199    3.3333333E+00    6.8750000E+00    8.1250000E+00
      1200    3.3333333E+00    6.8750000E+00    9.3750000E+00
      1201    3.3333333E+00    8.1250000E+00    6.2500000E-01
      1202    3.3333333E+00    8.1250000E+00    1.8750000E+00
      1203    3.3333333E+00    8.1250000E+00    3.1250000E+00
      1204    3.3333333E+00    8.1250000E+00    4.3750000E+00
      1205    3.3333333E+00    8.1250000E+00    5.6250000E+00
      1206    3.3333333E+00    8.1250000E+00    6.8750000E+00
      1207    3.3333333E+00    8.1250000E+00    8.1250000E+00
      1208    3.3333333E+00    8.1250000E+00    9.3750000E+00
      1209    3.3333333E+00    9.3750000E+00    6.2500000E-01
      1210    3.3333333E+00    9.3750000E+00    1.8750000E+00
      1211    3.3333333E+00    9.3750000E+00    3.1250000E+00
      1212    3.3333333E+00    9.3750000E+00    4.3750000E+00
      1213    3.3333333E+00    9.3750000E+00    5.6250000E+00
      1214    3.3333333E+00    9.3750000E+00    6.8750000E+00
      1215    3.3333333E+00    9.3750000E+00    8.1250000E+00
      1216    3.3333333E+00    9.3750000E+00    9.3750000E+00
      1217    3.3333333E+00    1.0625000E+01    6.2500000E-01
      1218    3.3333333E+00    1.0625000E+01    1.8750000E+00
      1219    3.3333333E+00    1.0625000E+01    3.1250000E+00
      1220    3.3333333E+00    1.0625000E+01    4.3750000E+00
      1221    3.3333333E+00    1.0625000E+01    5.6250000E+00
      1222    3.3333333E+00    1.0625000E+01    6.8750000E+00
      1223    3.3333333E+00    1.0625000E+01    8.1250000E+00
      1224    3.3333333E+00    1.0625000E+01    9.3750000E+00
      1225    3.3333333E+00    1.1875000E+01    6.2500000E-01
      1226    3.3333333E+00    1.1875000E+01    1.8750000E+00
      1227    3.3333333E+00    1.1875000E+01    3.1250000E+00
      1228    3.3333333E+00    1.1875000E+01    4.3750000E+00
      1229    3.3333333E+00    1.1875000E+01    5.6250000E+00
      1230    3.3333333E+00    1.1875000E+01    6.8750000E+00
      1231    3.3333333E+00    1.1875000E+01    8.1250000E+00
      1232    3.3333333E+00    1.1875000E+01    9.3750000E+00
      1233    3.3333333E+00    1.3125000E+01    6.2500000E-01
      1234    3.3333333E+00    1.3125000E+01    1.8750000E+00
      1235    3.3333333E+00    1.3125000E+01    3.1250000E+00
      1236    3.3333333E+00    1.3125000E+01    4.3750000E+00
      1237    3.3333333E+00    1.3125000E+01    5.6250000E+00
      1238    3.3333333E+00    1.3125000E+01    6.8750000E+00
      1239    3.3333333E+00    1.3125000E+01    8.1250000E+00
      1240    3.3333333E+00    1.3125000E+01    9.3750000E+00
      1241    3.3333333E+00    1.4375000E+01    6.2500000E-01
      1242    3.3333333E+00    1.4375000E+01    1.8750000E+00
      1243    3.3333333E+00    1.4375000E+01    3.1250000E+00
      1244    3.3333333E+00    1.4375000E+01    4.3750000E+00
      1245    3.3333333E+00    1.4375000E+01    5.6250000E+00
      1246    3.3333333E+00    1.4375000E+01    6.8750000E+00
      1247    3.3333333E+00    1.4375000E+01    8.1250000E+00
      1248    3.3333333E+00    1.4375000E+01    9.3750000E+00
      1249    2.0000000E+00    6.2500000E-01    6.2500000E-01
      1250    2.0000000E+00    6.2500000E-01    1.8750000E+00
      1251    2.0000000E+00    6.2500000E-01    3.1250000E+00
      1252    2.0000000E+00    6.2500000E-01    4.3750000E+00
      1253    2.0000000E+00    6.2500000E-01    5.6250000E+00
      1254    2.0000000E+00    6.2500000E-01    6.8750000E+00
      1255    2.0000000E+00    6.2500000E-01    8.1250000E+00
      1256    2.0000000E+00    6.2500000E-01    9.3750000E+00
      1257    2.0000000E+00    1.8750000E+00    6.2500000E-01
      1258    2.0000000E+00    1.8750000E+00    1.8750000E+00
      1259    2.0000000E+00    1.8750000E+00    3.1250000E+00
      1260    2.0000000E+00    1.8750000E+00    4.3750000E+00
      1261    2.0000000E+00    1.8750000E+00    5.6250000E+00
      1262    2.0000000E+00    1.8750000E+00    6.8750000E+00
      1263    2.0000000E+00    1.8750000E+00    8.1250000E+00
      1264    2.0000000E+00    1.8750000E+00    9.3750000E+00
      1265    2.0000000E+00    3.1250000E+00    6.2500000E-01
      1266    2.0000000E+00    3.1250000E+00    1.8750000E+00
      1267    2.0000000E+00    3.1250000E+00    3.1250000E+00
      1268    2.0000000E+00    3.1250000E+00    4.3750000E+00
      1269    2.0000000E+00    3.1250000E+00    5.6250000E+00
      1270    2.0000000E+00    3.1250000E+00    6.8750000E+00
      1271    2.0000000E+00    3.1250000E+00    8.1250000E+00
      1272    2.0000000E+00    3.1250000E+00    9.3750000E+00
      1273    2.0000000E+00    4.3750000E+00    6.2500000E-01
      1274    2.0000000E+00    4.3750000E+00    1.8750000E+00
      1275    2.0000000E+00    4.3750000E+00    3.1250000E+00
      1276    2.0000000E+00    4.3750000E+00    4.3750000E+00
      1277    2.0000000E+00    4.3750000E+00    5.6250000E+00
      1278    2.0000000E+00    4.3750000E+00    6.8750000E+00
      1279    2.0000000E+00    4.3750000E+00    8.1250000E+00
      1280    2.0000000E+00    4.3750000E+00    9.3750000E+00
      1281    2.0000000E+00    5.6250000E+00    6.2500000E-01
      1282    2.0000000E+00    5.6250000E+00    1.8750000E+00
      1283    2.0000000E+00    5.6250000E+00    3.1250000E+00
      1284    2.0000000E+00    5.6250000E+00    4.3750000E+00
      1285    2.0000000E+00    5.6250000E+00    5.6250000E+00
      1286    2.0000000E+00    5.6250000E+00    6.8750000E+00
      1287    2.0000000E+00    5.6250000E+00    8.1250000E+00
      1288    2.0000000E+00    5.6250000E+00    9.3750000E+00
      1289    2.0000000E+00    6.8750000E+00    6.2500000E-01
      1290    2.0000000E+00    6.8750000E+00    1.8750000E+00
      1291    2.0000000E+00    6.8750000E+00    3.1250000E+00
      1292    2.0000000E+00    6.8750000E+00    4.3750000E+00
      1293    2.0000000E+00    6.8750000E+00    5.6250000E+00
      1294    2.0000000E+00    6.8750000E+00    6.8750000E+00
      1295    2.0000000E+00    6.8750000E+00    8.1250000E+00
      1296    2.0000000E+00    6.8750000E+00    9.3750000E+00
      1297    2.0000000E+00    8.1250000E+00    6.2500000E-01
      1298    2.0000000E+00    8.1250000E+00    1.8750000E+00
      1299    2.0000000E+00    8.1250000E+00    3.1250000E+00
      1300    2.0000000E+00    8.1250000E+00    4.3750000E+00
      1301    2.0000000E+00    8.1250000E+00    5.6250000E+00
      1302    2.0000000E+00    8.1250000E+00    6.8750000E+00
      1303    2.0000000E+00    8.1250000E+00    8.1250000E+00
      1304    2.0000000E+00    8.1250000E+00    9.3750000E+00
      1305    2.0000000E+00    9.3750000E+00    6.2500000E-01
      1306    2.0000000E+00    9.3750000E+00    1.8750000E+00
      1307    2.0000000E+00    9.3750000E+00    3.1250000E+00
      1308    2.0000000E+00    9.3750000E+00    4.3750000E+00
      1309    2.0000000E+00    9.3750000E+00    5.6250000E+00
      1310    2.0000000E+00    9.3750000E+00    6.8750000E+00
      1311    2.0000000E+00    9.3750000E+00    8.1250000E+00
      1312    2.0000000E+00    9.3750000E+00    9.3750000E+00
      1313    2.0000000E+00    1.0625000E+01    6.2500000E-01
      1314    2.0000000E+00    1.0625000E+01    1.8750000E+00
      1315    2.0000000E+00    1.0625000E+01    3.1250000E+00
      1316    2.0000000E+00    1.0625000E+01    4.3750000E+00
      1317    2.0000000E+00    1.0625000E+01    5.6250000E+00
      1318    2.0000000E+00    1.0625000E+01    6.8750000E+00
      1319    2.0000000E+00    1.0625000E+01    8.1250000E+00
      1320    2.0000000E+00    1.0625000E+01    9.3750000E+00
      1321    2.0000000E+00    1.1875000E+01    6.2500000E-01
      1322    2.0000000E+00    1.1875000E+01    1.8750000E+00
      1323    2.0000000E+00    1.1875000E+01    3.1250000E+00
      1324    2.0000000E+00    1.1875000E+01    4.3750000E+00
      1325    2.0000000E+00    1.1875000E+01    5.6250000E+00
      1326    2.0000000E+00    1.1875000E+01    6.8750000E+00
      1327    2.0000000E+00    1.1875000E+01    8.1250000E+00
      1328    2.0000000E+00    1.1875000E+01    9.3750000E+00
      1329    2.0000000E+00    1.3125000E+01    6.2500000E-01
      1330    2.0000000E+00    1.3125000E+01    1.8750000E+00
      1331    2.0000000E+00    1.3125000E+01    3.1250000E+00
      1332    2.0000000E+00    1.3125000E+01    4.3750000E+00
      1333    2.0000000E+00    1.3125000E+01    5.6250000E+00
      1334    2.0000000E+00    1.3125000E+01    6.8750000E+00
      1335    2.0000000E+00    1.3125000E+01    8.1250000E+00
      1336    2.0000000E+00    1.3125000E+01    9.3750000E+00
      1337    2.0000000E+00    1.4375000E+01    6.2500000E-01
      1338    2.0000000E+00    1.4375000E+01    1.8750000E+00
      1339    2.0000000E+00    1.4375000E+01    3.1250000E+00
      1340    2.0000000E+00    1.4375000E+01    4.3750000E+00
      1341    2.0000000E+00    1.4375000E+01    5.6250000E+00
      1342    2.0000000E+00    1.4375000E+01    6.8750000E+00
      1343    2.0000000E+00    1.4375000E+01    8.1250000E+00
      1344    2.0000000E+00    1.4375000E+01    9.3750000E+00
      1345    6.6666667E-01    6.2500000E-01    6.2500000E-01
      1346    6.6666667E-01    6.2500000E-01    1.8750000E+00
      1347    6.6666667E-01    6.2500000E-01    3.1250000E+00
      1348    6.6666667E-01    6.2500000E-01    4.3750000E+00
      1349    6.6666667E-01    6.2500000E-01    5.6250000E+00
      1350    6.6666667E-01    6.2500000E-01    6.8750000E+00
      1351    6.6666667E-01    6.2500000E-01    8.1250000E+00
      1352    6.6666667E-01    6.2500000E-01    9.3750000E+00
      1353    6.6666667E-01    1.8750000E+00    6.2500000E-01
      1354    6.6666667E-01    1.8750000E+00    1.8750000E+00
      1355    6.6666667E-01    1.8750000E+00    3.1250000E+00
      1356    6.6666667E-01    1.8750000E+00    4.3750000E+00
      1357    6.6666667E-01    1.8750000E+00    5.6250000E+00
      1358    6.6666667E-01    1.8750000E+00    6.8750000E+00
      1359    6.6666667E-01    1.8750000E+00    8.1250000E+00
      1360    6.6666667E-01    1.8750000E+00    9.3750000E+00
      1361    6.6666667E-01    3.1250000E+00    6.2500000E-01
      1362    6.6666667E-01    3.1250000E+00    1.8750000E+00
      1363    6.6666667E-01    3.1250000E+00    3.1250000E+00
      1364    6.6666667E-01    3.1250000E+00    4.3750000E+00
      1365    6.6666667E-01    3.1250000E+00    5.6250000E+00
      1366    6.6666667E-01    3.1250000E+00    6.8750000E+00
      1367    6.6666667E-01    3.1250000E+00    8.1250000E+00
      1368    6.6666667E-01    3.1250000E+00    9.3750000E+00
      1369    6.6666667E-01    4.3750000E+00    6.2500000E-01
      1370    6.6666667E-01    4.3750000E+00    1.8750000E+00
      1371    6.6666667E-01    4.3750000E+00    3.1250000E+00
      1372    6.6666667E-01    4.3750000E+00    4.3750000E+00
      1373    6.6666667E-01    4.3750000E+00    5.6250000E+00
      1374    6.6666667E-01    4.3750000E+00    6.8750000E+00
      1375    6.6666667E-01    4.3750000E+00    8.1250000E+00
      1376    6.6666667E-01    4.3750000E+00    9.3750000E+00
      1377    6.6666667E-01    5.6250000E+00    6.2500000E-01
      1378    6.6666667E-01    5.6250000E+00    1.8750000E+00
      1379    6.6666667E-01    5.6250000E+00    3.1250000E+00
      1380    6.6666667E-01    5.6250000E+00    4.3750000E+00
      1381    6.6666667E-01    5.6250000E+00    5.6250000E+00
      1382    6.6666667E-01    5.6250000E+00    6.8750000E+00
      1383    6.6666667E-01    5.6250000E+00    8.1250000E+00
      1384    6.6666667E-01    5.6250000E+00    9.3750000E+00
      1385    6.6666667E-01    6.8750000E+00    6.2500000E-01
      1386    6.6666667E-01    6.8750000E+00    1.8750000E+00
      1387    6.6666667E-01    6.8750000E+00    3.1250000E+00
      1388    6.6666667E-01    6.8750000E+00    4.3750000E+00
      1389    6.6666667E-01    6.8750000E+00    5.6250000E+00
      1390    6.6666667E-01    6.8750000E+00    6.8750000E+00
      1391    6.6666667E-01    6.8750000E+00    8.1250000E+00
      1392    6.6666667E-01    6.8750000E+00    9.3750000E+00
      1393    6.6666667E-01    8.1250000E+00    6.2500000E-01
      1394    6.6666667E-01    8.1250000E+00    1.8750000E+00
      1395    6.6666667E-01    8.1250000E+00    3.1250000E+00
      1396    6.6666667E-01    8.1250000E+00    4.3750000E+00
      1397    6.6666667E-01    8.1250000E+00    5.6250000E+00
      1398    6.6666667E-01    8.1250000E+00    6.8750000E+00
      1399    6.6666667E-01    8.1250000E+00    8.1250000E+00
      1400    6.6666667E-01    8.1250000E+00    9.3750000E+00
      1401    6.6666667E-01    9.3750000E+00    6.2500000E-01
      1402    6.6666667E-01    9.3750000E+00    1.8750000E+00
      1403    6.6666667E-01    9.3750000E+00    3.1250000E+00
      1404    6.6666667E-01    9.3750000E+00    4.3750000E+00
      1405    6.6666667E-01    9.3750000E+00    5.6250000E+00
      1406    6.6666667E-01    9.3750000E+00    6.8750000E+00
      1407    6.6666667E-01    9.3750000E+00    8.1250000E+00
      1408    6.6666667E-01    9.3750000E+00    9.3750000E+00
      1409    6.6666667E-01    1.0625000E+01    6.2500000E-01
      1410    6.6666667E-01    1.0625000E+01    1.8750000E+00
      1411    6.6666667E-01    1.0625000E+01    3.1250000E+00
      1412    6.6666667E-01    1.0625000E+01    4.3750000E+00
      1413    6.6666667E-01    1.0625000E+01    5.6250000E+00
      1414    6.6666667E-01    1.0625000E+01    6.8750000E+00
      1415    6.6666667E-01    1.0625000E+01    8.1250000E+00
      1416    6.6666667E-01    1.0625000E+01    9.3750000E+00
      1417    6.6666667E-01    1.1875000E+01    6.2500000E-01
      1418    6.6666667E-01    1.1875000E+01    1.8750000E+00
      1419    6.6666667E-01    1.1875000E+01    3.1250000E+00
      1420    6.6666667E-01    1.1875000E+01    4.3750000E+00
      1421    6.6666667E-01    1.1875000E+01    5.6250000E+00
      1422    6.6666667E-01    1.1875000E+01    6.8750000E+00
      1423    6.6666667E-01    1.1875000E+01    8.1250000E+00
      1424    6.6666667E-01    1.1875000E+01    9.3750000E+00
      1425    6.6666667E-01    1.3125000E+01    6.2500000E-01
      1426    6.6666667E-01    1.3125000E+01    1.8750000E+00
      1427    6.6666667E-01    1.3125000E+01    3.1250000E+00
      1428    6.6666667E-01    1.3125000E+01    4.3750000E+00
      1429    6.6666667E-01    1.3125000E+01    5.6250000E+00
      1430    6.6666667E-01    1.3125000E+01    6.8750000E+00
      1431    6.6666667E-01    1.3125000E+01    8.1250000E+00
      1432    6.6666667E-01    1.3125000E+01    9.3750000E+00
      1433    6.6666667E-01    1.4375000E+01    6.2500000E-01
      1434    6.6666667E-01    1.4375000E+01    1.8750000E+00
      1435    6.6666667E-01    1.4375000E+01    3.1250000E+00
      1436    6.6666667E-01    1.4375000E+01    4.3750000E+00
      1437    6.6666667E-01    1.4375000E+01    5.6250000E+00
      1438    6.6666667E-01    1.4375000E+01    6.8750000E+00
      1439    6.6666667E-01    1.4375000E+01    8.1250000E+00
      1440    6.6666667E-01    1.4375000E+01    9.3750000E+00
      1441    0.0000000E+00    0.0000000E+00    0.0000000E+00
      1442    0.0000000E+00    0.0000000E+00    0.0000000E+00
      1443    0.0000000E+00    0.0000000E+00    0.0000000E+00
      1444    0.0000000E+00    0.0000000E+00    0.0000000E+00
      1445    0.0000000E+00    0.0000000E+00    0.0000000E+00
      1446    0.0000000E+00    0.0000000E+00    0.0000000E+00
      1447    0.0000000E+00    0.0000000E+00    0.0000000E+00
      1448    0.0000000E+00    0.0000000E+00    0.0000000E+00
