         1      5.5341123E+00
         2      6.1558377E+00
         3      5.3480865E+00
         4      5.1782896E+00
         5      5.3553305E+00
         6      6.1679439E+00
         7      5.5761834E+00
         8      6.2470786E+00
         9      7.9277883E+00
        10      7.1335789E+00
        11      7.2267349E+00
        12      7.0638099E+00
        13      8.0279534E+00
        14      6.4344275E+00
        15      1.1794796E+01
        16      1.1266770E+01
        17      1.6501644E+01
        18      1.8457751E+01
        19      1.2857019E+01
        20      1.1811434E+01
        21      1.2389122E+01
        22      1.0177062E+01
        23      5.1489109E+00
        24      6.1118286E+00
        25      1.0636823E+01
        26      8.2494387E+00
        27      6.6690060E+00
        28      1.0873079E+01
        29      8.4866976E+00
        30      6.8130034E+00
        31      6.3379378E+00
        32      7.1026501E+00
        33      9.6541090E+00
        34      8.4863361E+00
        35      8.2281220E+00
        36      1.2443451E+01
        37      1.0110605E+01
        38      8.4023473E+00
        39      8.2700021E+00
        40      7.5431343E+00
        41      8.8847334E+00
        42      1.1703631E+01
        43      1.0670363E+01
        44      1.0113383E+01
        45      1.0134701E+01
        46      1.1591860E+01
        47      9.7422825E+00
        48      1.0030258E+01
        49      1.0399058E+01
        50      1.1446804E+01
        51      1.5368398E+01
        52      1.5730280E+01
        53      1.3446224E+01
        54      1.5279820E+01
        55      1.4834155E+01
        56      1.0968132E+01
        57      1.0892086E+01
        58      1.5222115E+01
        59      1.5605419E+01
        60      1.2036559E+01
        61      1.5413318E+01
        62      1.4664277E+01
        63      1.0421498E+01
        64      1.1238955E+01
        65      1.1111434E+01
        66      1.1168058E+01
        67      9.3768092E+00
        68      1.1092947E+01
        69      1.0840416E+01
        70      1.0793329E+01
        71      8.7336510E+00
        72      9.2893501E+00
        73      9.4119660E+00
        74      8.8424598E+00
        75      9.2703276E+00
        76      9.1810182E+00
        77      8.8026069E+00
        78      7.3531333E+00
        79      6.7015357E+00
        80      6.5341954E+00
        81      6.1122513E+00
        82      6.5252292E+00
        83      6.6509987E+00
        84      7.4147569E+00
        85      7.5326083E+00
        86      7.4075179E+00
        87      7.3355491E+00
        88      7.3266590E+00
        89      7.3368241E+00
        90      7.4070108E+00
        91      7.5399310E+00
        92      1.0892166E+01
        93      1.1361080E+01
        94      1.1648785E+01
        95      1.1699266E+01
        96      1.1657005E+01
        97      1.1372782E+01
        98      1.0907575E+01
        99      8.7287979E+00
       100      9.1417486E+00
       101      8.1399460E+00
       102      8.1750962E+00
       103      8.1567440E+00
       104      9.1679574E+00
       105      8.7824759E+00
       106      1.1786363E+01
       107      1.2471522E+01
       108      1.4030256E+01
       109      1.4935043E+01
       110      1.1826621E+01
       111      1.3710030E+01
       112      1.2164779E+01
       113      1.7227606E+01
       114      1.8674326E+01
       115      1.6529187E+01
       116      1.4852044E+01
       117      1.6549418E+01
       118      1.9258292E+01
       119      1.8751575E+01
       120      1.0565012E+01
       121      1.0439554E+01
       122      8.5697612E+00
       123      8.9275450E+00
       124      1.6192310E+01
       125      1.2429899E+01
       126      1.1747077E+01
       127      7.9497554E+00
       128      4.5129578E+00
       129      5.4241503E+00
       130      1.2063301E+01
       131      9.4251220E+00
       132      5.2342278E+00
       133      9.0243039E+00
       134      1.1477671E+01
       135      4.3797167E+00
       136      3.3263699E+00
       137      1.1106068E+01
       138      2.1123473E+00
       139      4.0200990E+00
       140      1.0763612E+01
       141      1.7571108E+01
       142      1.6195979E+01
       143      1.2419669E+01
       144      1.2989521E+01
       145      1.1128658E+01
       146      1.5675406E+01
       147      1.7318430E+01
       148      1.4092216E+01
       149      2.2806706E+01
       150      2.2089027E+01
       151      1.2606411E+01
       152      2.1227138E+01
       153      2.1662097E+01
       154      1.3381574E+01
       155      1.4762065E+01
       156      1.3665888E+01
       157      1.2626779E+01
       158      1.3213662E+01
       159      1.2560206E+01
       160      1.2907017E+01
       161      1.4057527E+01
       162      1.1193780E+01
       163      7.9843692E+00
       164      9.0839929E+00
       165      1.3880137E+01
       166      9.0671420E+00
       167      8.1153133E+00
       168      1.0918174E+01
       169      1.0056715E+01
       170      1.0932835E+01
       171      1.1713572E+01
       172      1.0115226E+01
       173      1.1636006E+01
       174      1.0910737E+01
       175      1.0129760E+01
       176      1.1008956E+01
       177      9.9527172E+00
       178      9.0415930E+00
       179      6.7715431E+00
       180      9.0851494E+00
       181      1.0044422E+01
       182      1.1177582E+01
       183      6.3647320E+00
       184      6.2865650E+00
       185      5.7981788E+00
       186      5.7151200E+00
       187      5.8053971E+00
       188      6.3201569E+00
       189      6.4414333E+00
       190      1.0196421E+01
       191      1.1063054E+01
       192      1.1422575E+01
       193      1.1539944E+01
       194      1.1461045E+01
       195      1.1137495E+01
       196      1.0294464E+01
       197      9.4537551E+00
       198      6.6694080E+00
       199      6.4900169E+00
       200      6.5393646E+00
       201      6.5716845E+00
       202      6.7644495E+00
       203      9.4223566E+00
       204      9.5423766E+00
       205      1.0319870E+01
       206      1.2980413E+01
       207      1.3125791E+01
       208      1.1975997E+01
       209      1.0425817E+01
       210      9.7913288E+00
       211      1.3915797E+01
       212      1.3376199E+01
       213      8.3557143E+00
       214      8.7064401E+00
       215      1.0921609E+01
       216      1.3379609E+01
       217      1.4654335E+01
       218      1.2062347E+01
       219      1.3120826E+01
       220      8.4967479E+00
       221      3.7374275E+00
       222      1.0992259E+01
       223      1.3679097E+01
       224      1.3289680E+01
       225      6.6984233E+00
       226      6.1515607E+00
       227      7.6213662E+00
       228      5.4985517E+00
       229      7.4377992E+00
       230      6.1025995E+00
       231      6.9738834E+00
       232      5.4994734E+00
       233      6.7263177E+00
       234      8.3136170E+00
       235      1.2805250E+01
       236      7.8607943E+00
       237      6.6342390E+00
       238      6.4320863E+00
       239      6.5628356E+00
       240      1.3436448E+01
       241      1.9329512E+01
       242      1.4530145E+01
       243      1.8999887E+01
       244      1.3290003E+01
       245      6.7328773E+00
       246      8.1461554E+00
       247      9.6804728E+00
       248      1.0015287E+01
       249      1.0488769E+01
       250      1.0134912E+01
       251      9.5528542E+00
       252      8.0328752E+00
       253      9.7584432E+00
       254      7.3453504E+00
       255      4.4267833E+00
       256      9.6301967E+00
       257      4.5071707E+00
       258      7.3779472E+00
       259      9.5551390E+00
       260      7.3434728E+00
       261      5.8856687E+00
       262      5.6816763E+00
       263      9.0996213E+00
       264      5.6816354E+00
       265      5.9464982E+00
       266      7.4167169E+00
       267      7.0913477E+00
       268      5.2962901E+00
       269      5.3912479E+00
       270      6.4588571E+00
       271      5.3923476E+00
       272      5.3211833E+00
       273      7.1453245E+00
       274      7.2424199E+00
       275      4.3664643E+00
       276      4.4508260E+00
       277      4.4251048E+00
       278      4.4578543E+00
       279      4.3595930E+00
       280      7.2637720E+00
       281      6.9539714E+00
       282      6.8696622E+00
       283      6.3611990E+00
       284      6.3503597E+00
       285      6.4017916E+00
       286      6.9572136E+00
       287      7.0597685E+00
       288      1.0154886E+01
       289      1.1434800E+01
       290      1.1847332E+01
       291      1.1893254E+01
       292      1.1923920E+01
       293      1.1582312E+01
       294      1.0356805E+01
       295      7.9488692E+00
       296      1.1337102E+01
       297      1.0955915E+01
       298      1.1203639E+01
       299      1.0834864E+01
       300      1.1375973E+01
       301      7.7717714E+00
       302      9.3681148E+00
       303      1.2454839E+01
       304      1.2254586E+01
       305      1.2417195E+01
       306      1.2379061E+01
       307      1.2390332E+01
       308      9.4738360E+00
       309      7.4242798E+00
       310      6.8724187E+00
       311      7.1598688E+00
       312      7.1942294E+00
       313      6.8985591E+00
       314      7.1359073E+00
       315      7.4601727E+00
       316      7.2229514E+00
       317      7.2279268E+00
       318      4.7111953E+00
       319      3.9007586E+00
       320      3.9909832E+00
       321      6.7481560E+00
       322      7.5854431E+00
       323      8.7618787E+00
       324      9.0652460E+00
       325      9.8900781E+00
       326      7.9653635E+00
       327      8.2791913E+00
       328      7.3195779E+00
       329      8.4166520E+00
       330      6.4911499E+00
       331      7.7454686E+00
       332      1.6734850E+01
       333      1.2133097E+01
       334      1.4344121E+01
       335      7.2602074E+00
       336      6.3388530E+00
       337      4.5853005E+00
       338      5.0500610E+00
       339      9.4920799E+00
       340      5.9775241E+00
       341      9.1737106E+00
       342      4.9974727E+00
       343      4.4609311E+00
       344      3.8372422E+00
       345      4.1785776E+00
       346      5.6286778E+00
       347      7.8031397E+00
       348      5.7138007E+00
       349      4.1722288E+00
       350      3.7973231E+00
       351      3.7890328E+00
       352      4.1463633E+00
       353      5.0031356E+00
       354      8.7642155E+00
       355      5.0158201E+00
       356      4.1551836E+00
       357      3.7899418E+00
       358      4.5358553E+00
       359      4.5468778E+00
       360      4.4664925E+00
       361      4.8308164E+00
       362      4.4821230E+00
       363      4.5699553E+00
       364      4.5239306E+00
       365      5.7541552E+00
       366      5.1969525E+00
       367      4.7193137E+00
       368      4.7511844E+00
       369      4.7058710E+00
       370      5.1905787E+00
       371      5.7345015E+00
       372      6.6150814E+00
       373      4.6596948E+00
       374      4.1974284E+00
       375      4.1987837E+00
       376      4.2337295E+00
       377      4.7013045E+00
       378      6.6706345E+00
       379      6.0015423E+00
       380      5.3780667E+00
       381      5.7884500E+00
       382      5.9732291E+00
       383      5.8057253E+00
       384      5.4360000E+00
       385      6.1060792E+00
       386      6.6865894E+00
       387      6.8544772E+00
       388      7.1402028E+00
       389      7.2608641E+00
       390      7.1317023E+00
       391      6.8351359E+00
       392      6.6726790E+00
       393      8.3867617E+00
       394      1.4129218E+01
       395      1.4743907E+01
       396      1.5051243E+01
       397      1.4684438E+01
       398      1.4242144E+01
       399      8.5685277E+00
       400      8.4628284E+00
       401      9.8234442E+00
       402      1.1481247E+01
       403      1.1645747E+01
       404      1.1430443E+01
       405      9.7632185E+00
       406      8.5504597E+00
       407      6.7687832E+00
       408      6.9264223E+00
       409      6.9715147E+00
       410      6.6506718E+00
       411      7.0444451E+00
       412      6.9800937E+00
       413      6.8454554E+00
       414      7.4838179E+00
       415      6.6596215E+00
       416      6.1720472E+00
       417      5.8205307E+00
       418      5.9010441E+00
       419      6.7901719E+00
       420      7.6415541E+00
       421      7.7850168E+00
       422      8.3934109E+00
       423      9.1577644E+00
       424      8.8161704E+00
       425      7.8135915E+00
       426      8.0460450E+00
       427      7.7256489E+00
       428      6.2123972E+00
       429      6.3212348E+00
       430      9.5205587E+00
       431      7.7795014E+00
       432      9.1577316E+00
       433      6.1107118E+00
       434      6.1144643E+00
       435      5.5316071E+00
       436      5.2965993E+00
       437      5.9142286E+00
       438      4.7080944E+00
       439      5.7641487E+00
       440      5.2501278E+00
       441      5.4445194E+00
       442      4.3803485E+00
       443      4.2862384E+00
       444      4.6236405E+00
       445      4.5309978E+00
       446      4.6477422E+00
       447      4.3095341E+00
       448      4.2549652E+00
       449      3.5923544E+00
       450      3.8728988E+00
       451      3.8615686E+00
       452      4.4963827E+00
       453      4.1111005E+00
       454      3.8003612E+00
       455      3.5885628E+00
       456      3.8017739E+00
       457      4.9304275E+00
       458      5.0731963E+00
       459      5.0577283E+00
       460      5.1822991E+00
       461      4.7941722E+00
       462      3.6692681E+00
       463      6.0913326E+00
       464      5.9167341E+00
       465      6.2357004E+00
       466      6.1431688E+00
       467      6.1754162E+00
       468      5.7514957E+00
       469      5.9043730E+00
       470      6.9179303E+00
       471      7.0003075E+00
       472      6.7343843E+00
       473      6.6536955E+00
       474      6.6812099E+00
       475      6.9047375E+00
       476      6.7294618E+00
       477      6.8090515E+00
       478      7.2301998E+00
       479      7.3354760E+00
       480      7.4027857E+00
       481      7.3073973E+00
       482      7.1554955E+00
       483      6.7060085E+00
       484      6.7763204E+00
       485      7.2066318E+00
       486      7.5492567E+00
       487      7.6454319E+00
       488      7.5214776E+00
       489      7.1520075E+00
       490      6.7121540E+00
       491      1.3060051E+01
       492      1.1127655E+01
       493      1.1946712E+01
       494      1.2078083E+01
       495      1.2027646E+01
       496      1.1276297E+01
       497      1.3484689E+01
       498      8.4737849E+00
       499      6.8820457E+00
       500      6.6848171E+00
       501      6.7252775E+00
       502      6.7168931E+00
       503      6.9549835E+00
       504      8.6362871E+00
       505      7.5443417E+00
       506      6.6029657E+00
       507      6.0912249E+00
       508      6.0612847E+00
       509      6.1571181E+00
       510      6.6926756E+00
       511      7.6606052E+00
       512      7.5447095E+00
       513      7.2348727E+00
       514      6.0514719E+00
       515      5.8075909E+00
       516      6.0530610E+00
       517      7.2358002E+00
       518      7.5626726E+00
       519      6.3503441E+00
       520      7.7217349E+00
       521      5.6115812E+00
       522      6.3781121E+00
       523      5.6147095E+00
       524      7.6229751E+00
       525      6.3032721E+00
       526      6.0156623E+00
       527      7.7790083E+00
       528      7.0956185E+00
       529      6.5203513E+00
       530      7.0941441E+00
       531      7.6296137E+00
       532      5.8982573E+00
       533      6.5782838E+00
       534      6.5317207E+00
       535      6.4125313E+00
       536      4.9162488E+00
       537      6.3084731E+00
       538      6.4467676E+00
       539      6.4461297E+00
       540      4.7134594E+00
       541      4.9992840E+00
       542      5.6091466E+00
       543      4.5171309E+00
       544      5.5465543E+00
       545      4.8424045E+00
       546      4.5863945E+00
       547      6.2541124E+00
       548      5.3860114E+00
       549      5.0114708E+00
       550      4.7278876E+00
       551      4.3609196E+00
       552      5.5513042E+00
       553      6.2281036E+00
       554      7.8120266E+00
       555      6.5892568E+00
       556      6.6697996E+00
       557      6.5275037E+00
       558      5.5265589E+00
       559      6.3202047E+00
       560      7.6711436E+00
       561      8.0272377E+00
       562      9.4663278E+00
       563      8.9394798E+00
       564      8.3027019E+00
       565      8.8058735E+00
       566      9.1273337E+00
       567      7.8493566E+00
       568      8.1205294E+00
       569      8.5757292E+00
       570      8.5841663E+00
       571      8.4100836E+00
       572      8.5705129E+00
       573      8.5309876E+00
       574      8.0072754E+00
       575      7.9126102E+00
       576      8.5862572E+00
       577      8.8093625E+00
       578      8.8534913E+00
       579      8.7938458E+00
       580      8.5244521E+00
       581      7.8210736E+00
       582      7.6622324E+00
       583      8.1898743E+00
       584      8.5089098E+00
       585      8.5922291E+00
       586      8.4827551E+00
       587      8.1394023E+00
       588      7.5918002E+00
       589      7.9239256E+00
       590      7.6012794E+00
       591      7.3771341E+00
       592      7.4058572E+00
       593      7.4095412E+00
       594      7.6925522E+00
       595      8.0869473E+00
       596      1.0395254E+01
       597      9.0760612E+00
       598      8.2742907E+00
       599      8.1033220E+00
       600      8.3594774E+00
       601      9.2496406E+00
       602      1.0644979E+01
       603      1.0672383E+01
       604      8.8455149E+00
       605      7.9585942E+00
       606      7.7162791E+00
       607      8.0261040E+00
       608      8.9737471E+00
       609      1.0861971E+01
       610      9.1905961E+00
       611      7.8347862E+00
       612      7.2633603E+00
       613      7.0526282E+00
       614      7.2840007E+00
       615      7.8850716E+00
       616      9.2991740E+00
       617      6.6805359E+00
       618      6.1605119E+00
       619      6.3490840E+00
       620      6.1166963E+00
       621      6.3491324E+00
       622      6.1727708E+00
       623      6.7059975E+00
       624      5.8773461E+00
       625      6.7938928E+00
       626      6.6677918E+00
       627      7.2912981E+00
       628      6.6671496E+00
       629      6.7518944E+00
       630      5.8524804E+00
       631      6.9759503E+00
       632      6.8810914E+00
       633      5.5008154E+00
       634      5.4787067E+00
       635      5.4496000E+00
       636      6.8400087E+00
       637      6.9079642E+00
       638      6.5568936E+00
       639      5.8897223E+00
       640      4.7110710E+00
       641      4.4987557E+00
       642      4.4576187E+00
       643      5.6807784E+00
       644      6.5779619E+00
       645      7.9549791E+00
       646      7.9461980E+00
       647      6.7708502E+00
       648      6.7759500E+00
       649      6.8099902E+00
       650      8.1947577E+00
       651      7.8630913E+00
       652      1.0956005E+01
       653      7.6568834E+00
       654      5.6814126E+00
       655      5.2342186E+00
       656      5.8922573E+00
       657      7.5003096E+00
       658      1.0996234E+01
       659      8.3555593E+00
       660      7.2281628E+00
       661      6.5769318E+00
       662      6.2046053E+00
       663      6.7450256E+00
       664      7.2896578E+00
       665      8.2787919E+00
       666      8.3600496E+00
       667      9.7861865E+00
       668      9.3483140E+00
       669      9.2102404E+00
       670      9.6080878E+00
       671      1.0123373E+01
       672      8.2512441E+00
       673      9.1649380E+00
       674      9.8635559E+00
       675      1.0118275E+01
       676      1.0032042E+01
       677      1.0119920E+01
       678      9.8572415E+00
       679      9.1112280E+00
       680      8.7209230E+00
       681      9.2245561E+00
       682      9.4271707E+00
       683      9.4538190E+00
       684      9.4121624E+00
       685      9.1901702E+00
       686      8.6527033E+00
       687      6.0196383E+00
       688      5.7573238E+00
       689      5.5824276E+00
       690      5.5231272E+00
       691      5.6178968E+00
       692      5.8372571E+00
       693      6.1421573E+00
       694      8.4464863E+00
       695      7.5351708E+00
       696      7.0974466E+00
       697      6.9616169E+00
       698      7.1414904E+00
       699      7.6223720E+00
       700      8.5724546E+00
       701      1.1359690E+01
       702      9.6156566E+00
       703      8.8887189E+00
       704      8.7543821E+00
       705      8.9341409E+00
       706      9.7004409E+00
       707      1.1509672E+01
       708      1.0402948E+01
       709      9.4349701E+00
       710      8.9595280E+00
       711      8.6904209E+00
       712      8.9889882E+00
       713      9.4958314E+00
       714      1.0483690E+01
       715      6.8174862E+00
       716      7.5393828E+00
       717      6.8487820E+00
       718      6.4952552E+00
       719      6.8594856E+00
       720      7.5653121E+00
       721      6.8211759E+00
       722      6.1325333E+00
       723      6.1767340E+00
       724      6.3275106E+00
       725      5.9719665E+00
       726      6.3249803E+00
       727      6.1775290E+00
       728      6.1339699E+00
       729      6.8547928E+00
       730      7.9212291E+00
       731      6.8051532E+00
       732      6.2029501E+00
       733      6.7950707E+00
       734      7.9204070E+00
       735      6.8517519E+00
       736      7.5402938E+00
       737      7.2508881E+00
       738      5.5361978E+00
       739      5.5416289E+00
       740      5.4540829E+00
       741      7.5504694E+00
       742      7.5314184E+00
       743      5.2439044E+00
       744      5.5908333E+00
       745      5.0719436E+00
       746      6.0961687E+00
       747      6.8011829E+00
       748      5.5217567E+00
       749      5.2112523E+00
       750      8.2750502E+00
       751      7.8363730E+00
       752      7.2258815E+00
       753      7.8471655E+00
       754      8.2110672E+00
       755      8.0887397E+00
       756      8.3079909E+00
       757      1.0963703E+01
       758      6.7895676E+00
       759      7.0748950E+00
       760      6.7559736E+00
       761      6.4087702E+00
       762      7.0902529E+00
       763      1.0812474E+01
       764      1.0058150E+01
       765      8.7786896E+00
       766      8.2463985E+00
       767      8.2720025E+00
       768      8.3512096E+00
       769      8.7999055E+00
       770      9.9398349E+00
       771      1.0756158E+01
       772      1.1850816E+01
       773      1.1382986E+01
       774      1.1363508E+01
       775      1.1232912E+01
       776      1.1560854E+01
       777      1.0686594E+01
       778      9.7908481E+00
       779      9.9234977E+00
       780      9.9587086E+00
       781      9.9735930E+00
       782      9.9324308E+00
       783      9.8771227E+00
       784      9.7096797E+00
       785      4.2597096E+00
       786      4.0471285E+00
       787      3.9245007E+00
       788      3.8638595E+00
       789      3.9478676E+00
       790      4.1007308E+00
       791      4.3389857E+00
       792      6.4927395E+00
       793      6.1291711E+00
       794      5.7453857E+00
       795      5.6549323E+00
       796      5.7785724E+00
       797      6.1939132E+00
       798      6.5837120E+00
       799      9.7162150E+00
       800      7.5976848E+00
       801      7.5056754E+00
       802      7.3107868E+00
       803      7.5421097E+00
       804      7.6706669E+00
       805      9.8255229E+00
       806      9.8736676E+00
       807      1.0037164E+01
       808      8.8371115E+00
       809      8.6940467E+00
       810      8.8630986E+00
       811      1.0128128E+01
       812      9.9545243E+00
       813      7.2632888E+00
       814      8.7592065E+00
       815      7.9706295E+00
       816      7.0858490E+00
       817      7.9862085E+00
       818      8.7926267E+00
       819      7.3070202E+00
       820      6.9206664E+00
       821      6.0555367E+00
       822      7.1451928E+00
       823      7.6542703E+00
       824      7.1624070E+00
       825      6.0783536E+00
       826      6.9697362E+00
       827      6.3454193E+00
       828      6.8128751E+00
       829      7.9713038E+00
       830      9.1266462E+00
       831      8.0169636E+00
       832      6.8588376E+00
       833      6.3628349E+00
       834      6.4242600E+00
       835      6.6826730E+00
       836      6.9842111E+00
       837      6.9348652E+00
       838      7.0931143E+00
       839      6.7311785E+00
       840      6.3984227E+00
       841      6.6174821E+00
       842      6.2204053E+00
       843      6.8926175E+00
       844      8.4262051E+00
       845      6.8741549E+00
       846      5.9985448E+00
       847      6.5573761E+00
       848      8.3607729E+00
       849      8.5726648E+00
       850      9.4381877E+00
       851      9.8157728E+00
       852      9.2753994E+00
       853      8.7113894E+00
       854      8.3558328E+00
       855      9.8316385E+00
       856      9.0916711E+00
       857      7.4589064E+00
       858      6.2664034E+00
       859      6.9624431E+00
       860      8.7599184E+00
       861      9.7982322E+00
       862      7.0307524E+00
       863      6.2537298E+00
       864      6.0453908E+00
       865      6.0913779E+00
       866      5.9495387E+00
       867      5.9799475E+00
       868      7.0044042E+00
       869      9.9236053E+00
       870      1.0764389E+01
       871      1.1583985E+01
       872      1.1477930E+01
       873      1.1464654E+01
       874      1.0606215E+01
       875      9.8330098E+00
       876      1.2365035E+01
       877      1.2370625E+01
       878      1.2093353E+01
       879      1.2163407E+01
       880      1.2054752E+01
       881      1.2300869E+01
       882      1.2270444E+01
       883      2.5862825E+00
       884      2.4619484E+00
       885      2.4078187E+00
       886      2.3924521E+00
       887      2.4169913E+00
       888      2.4912341E+00
       889      2.6322879E+00
       890      4.7387819E+00
       891      4.3782193E+00
       892      4.1079082E+00
       893      4.0103395E+00
       894      4.1329442E+00
       895      4.4261932E+00
       896      4.8051367E+00
       897      7.1614539E+00
       898      6.3605557E+00
       899      5.7495949E+00
       900      5.6318253E+00
       901      5.7780431E+00
       902      6.4236430E+00
       903      7.2534883E+00
       904      9.7893760E+00
       905      7.8853077E+00
       906      7.0465722E+00
       907      7.0540105E+00
       908      7.0741766E+00
       909      7.9486180E+00
       910      9.8827180E+00
       911      9.3014836E+00
       912      9.3722173E+00
       913      9.6727100E+00
       914      8.0046159E+00
       915      9.6885793E+00
       916      9.4051533E+00
       917      9.3403258E+00
       918      6.8848795E+00
       919      5.0534902E+00
       920      6.6686564E+00
       921      9.3405176E+00
       922      6.7071739E+00
       923      5.0726573E+00
       924      6.9015818E+00
       925      5.3316817E+00
       926      3.7198742E+00
       927      5.6933722E+00
       928      7.1429714E+00
       929      5.6961240E+00
       930      3.7162370E+00
       931      5.3168259E+00
       932      8.0480929E+00
       933      1.0314202E+01
       934      9.7672642E+00
       935      7.1121186E+00
       936      9.6776819E+00
       937      1.0241085E+01
       938      8.0060497E+00
       939      7.4657804E+00
       940      9.1332476E+00
       941      8.6132395E+00
       942      8.4484481E+00
       943      8.6186880E+00
       944      9.0905403E+00
       945      7.4320843E+00
       946      6.3999758E+00
       947      6.6955947E+00
       948      7.2172365E+00
       949      7.3736655E+00
       950      7.2814821E+00
       951      6.7234165E+00
       952      6.3844462E+00
       953      6.6066203E+00
       954      6.4898758E+00
       955      6.6238617E+00
       956      6.5749791E+00
       957      6.5472095E+00
       958      6.4208370E+00
       959      6.5765193E+00
       960      8.7143689E+00
       961      7.5624568E+00
       962      7.1990364E+00
       963      6.9414042E+00
       964      7.2131107E+00
       965      7.5604035E+00
       966      8.6773797E+00
       967      9.3541144E+00
       968      1.0052692E+01
       969      1.0256748E+01
       970      1.0395767E+01
       971      1.0234983E+01
       972      1.0010887E+01
       973      9.3010513E+00
       974      1.0206313E+01
       975      1.0614881E+01
       976      1.0678460E+01
       977      1.0727837E+01
       978      1.0652975E+01
       979      1.0566524E+01
       980      1.0144185E+01
       981      1.2052356E+00
       982      1.2433459E+00
       983      1.2888527E+00
       984      1.3041950E+00
       985      1.2970965E+00
       986      1.2588433E+00
       987      1.2253378E+00
       988      2.8074511E+00
       989      2.6382594E+00
       990      2.5132662E+00
       991      2.4686048E+00
       992      2.5327846E+00
       993      2.6692679E+00
       994      2.8425575E+00
       995      4.7635026E+00
       996      4.3750666E+00
       997      4.0708269E+00
       998      3.8728876E+00
       999      4.0973617E+00
      1000      4.4088714E+00
      1001      4.8043710E+00
      1002      6.4787710E+00
      1003      6.0267371E+00
      1004      5.5658277E+00
      1005      5.4965695E+00
      1006      5.5842054E+00
      1007      6.0551893E+00
      1008      6.5115638E+00
      1009      6.8239614E+00
      1010      6.4331149E+00
      1011      6.2004849E+00
      1012      6.4926858E+00
      1013      6.2120434E+00
      1014      6.4405318E+00
      1015      6.8262114E+00
      1016      1.1774272E+01
      1017      8.5596008E+00
      1018      8.3447835E+00
      1019      7.2287659E+00
      1020      8.3657013E+00
      1021      8.5724538E+00
      1022      1.1777084E+01
      1023      5.9782502E+00
      1024      7.7904602E+00
      1025      9.3000599E+00
      1026      1.1230583E+01
      1027      9.2827112E+00
      1028      7.8175947E+00
      1029      5.9891185E+00
      1030      3.7628823E+00
      1031      1.1600973E+01
      1032      1.1993479E+01
      1033      1.1939556E+01
      1034      1.1958393E+01
      1035      1.1548183E+01
      1036      3.7369449E+00
      1037      7.0677394E+00
      1038      7.0447367E+00
      1039      6.7542889E+00
      1040      6.4028320E+00
      1041      6.7585476E+00
      1042      7.0397432E+00
      1043      7.0414097E+00
      1044      8.5730350E+00
      1045      5.1458324E+00
      1046      4.6679616E+00
      1047      4.7691490E+00
      1048      4.6625681E+00
      1049      5.1378628E+00
      1050      8.5502893E+00
      1051      8.2562998E+00
      1052      7.3685114E+00
      1053      6.9400152E+00
      1054      6.8850102E+00
      1055      6.9398233E+00
      1056      7.3571975E+00
      1057      8.2313836E+00
      1058      7.3497327E+00
      1059      7.7725509E+00
      1060      7.6051723E+00
      1061      7.4839159E+00
      1062      7.5927497E+00
      1063      7.7528474E+00
      1064      7.3260447E+00
      1065      7.4472527E+00
      1066      7.2314817E+00
      1067      6.7280258E+00
      1068      6.6454178E+00
      1069      6.7234373E+00
      1070      7.2122562E+00
      1071      7.4186042E+00
      1072      9.9291236E+00
      1073      9.7189254E+00
      1074      9.7850067E+00
      1075      9.7467576E+00
      1076      9.7694952E+00
      1077      9.6894599E+00
      1078      9.8860883E+00
      1079      1.0467721E+01
      1080      7.7159990E+00
      1081      7.3278403E+00
      1082      8.8136212E+00
      1083      9.8574561E+00
      1084      5.5807402E+00
      1085      1.3192590E+00
      1086      5.2737624E+00
      1087      1.1753953E+01
      1088      6.9604072E+00
      1089      6.5148498E+00
      1090      5.1054190E+00
      1091      3.0631984E+00
      1092      1.3240942E+00
      1093      9.7419191E+00
      1094      9.7139793E+00
      1095      1.0313961E+01
      1096      6.7193313E+00
      1097      6.2358753E+00
      1098      6.2893408E+00
      1099      6.3251159E+00
      1100      5.3166115E+00
      1101      8.2651986E+00
      1102      9.7734234E+00
      1103      1.0615203E+01
      1104      7.5395493E+00
      1105      5.1200925E+00
      1106      2.8781489E+00
      1107      1.0120337E+01
      1108      1.2635914E+01
      1109      1.0601264E+01
      1110      8.1465892E+00
      1111      7.6991063E+00
      1112      6.7263931E+00
      1113      7.2206758E+00
      1114      7.0265202E+00
      1115      8.2849630E+00
      1116      8.1875621E+00
      1117      9.6640841E+00
      1118      1.0111764E+01
      1119      6.9757324E+00
      1120      4.7029596E+00
      1121      8.5844189E+00
      1122      9.2162938E+00
      1123      1.0498867E+01
      1124      1.0599692E+01
      1125      9.5082956E+00
      1126      4.1763598E+00
      1127      5.9397958E+00
      1128      6.2362461E+00
      1129      6.6942500E+00
      1130      6.3566903E+00
      1131      1.0721766E+01
      1132      1.3351616E+01
      1133      9.1539519E+00
      1134      6.6198680E+00
      1135      7.6713802E+00
      1136      8.4525034E+00
      1137      8.4006858E+00
      1138      8.0632506E+00
      1139      8.9638407E+00
      1140      7.5441537E+00
      1141      7.1592912E+00
      1142      6.0795346E+00
      1143      5.5183169E+00
      1144      7.3884787E+00
      1145      9.9150328E+00
      1146      1.2629543E+01
      1147      1.2112374E+01
      1148      8.3765097E+00
      1149      6.8279922E+00
      1150      7.3118708E+00
      1151      7.2824478E+00
      1152      7.4162904E+00
      1153      8.1550263E+00
      1154      8.2684256E+00
      1155      8.1261593E+00
      1156      7.7443416E+00
      1157      3.3443575E+00
      1158      4.8936347E+00
      1159      7.0448737E+00
      1160      8.4242071E+00
      1161      1.0222359E+01
      1162      1.1932155E+01
      1163      6.1553154E+00
      1164      6.2037578E+00
      1165      6.3187395E+00
      1166      6.8949025E+00
      1167      6.9682815E+00
      1168      5.0801959E+00
      1169      5.4006500E+00
      1170      7.6520763E+00
      1171      7.8234760E+00
      1172      5.7249933E+00
      1173      6.2817705E+00
      1174      7.4719980E+00
      1175      7.0227334E+00
      1176      5.0151597E+00
      1177      6.6601959E+00
      1178      5.9538272E+00
      1179      1.1484074E+01
      1180      8.5553675E+00
      1181      6.6561486E+00
      1182      5.9352818E+00
      1183      6.0551725E+00
      1184      6.2299735E+00
      1185      7.1415943E+00
      1186      1.0406802E+01
      1187      8.6726999E+00
      1188      6.2027578E+00
      1189      7.2291104E+00
      1190      6.4503050E+00
      1191      8.9054895E+00
      1192      3.2912305E+00
      1193      1.1371972E+01
      1194      1.4139871E+01
      1195      8.4207705E+00
      1196      9.0757595E+00
      1197      8.8884779E+00
      1198      8.2060772E+00
      1199      8.6099706E+00
      1200      8.6975773E+00
      1201      1.1273443E+01
      1202      1.1542788E+01
      1203      9.4639083E+00
      1204      1.0449289E+01
      1205      8.7352245E+00
      1206      4.6147411E+00
      1207      9.8283723E+00
      1208      1.2869494E+01
      1209      1.2247834E+01
      1210      1.0731004E+01
      1211      1.2179787E+01
      1212      1.1911753E+01
      1213      1.5044762E+01
      1214      1.0785049E+01
      1215      1.2628265E+01
      1216      1.0358851E+01
      1217      1.0137734E+01
      1218      8.9555520E+00
      1219      9.7705357E+00
      1220      6.8944901E+00
      1221      8.9839445E+00
      1222      7.0336046E+00
      1223      9.6082749E+00
      1224      1.0373081E+01
      1225      1.0246798E+01
      1226      9.2015622E+00
      1227      5.5874218E+00
      1228      1.3337431E+01
      1229      2.4120484E+01
      1230      1.0644029E+01
      1231      3.8812395E+00
      1232      6.0480296E+00
      1233      6.0535157E+00
      1234      3.8617497E+00
      1235      1.1289555E+01
      1236      2.5683770E+01
      1237      1.3572480E+01
      1238      5.1879427E+00
      1239      8.6484909E+00
      1240      9.5820705E+00
      1241      9.7768314E+00
      1242      9.1278775E+00
      1243      7.1498903E+00
      1244      8.9424437E+00
      1245      6.8895696E+00
      1246      9.7682268E+00
      1247      8.9664702E+00
      1248      1.0558114E+01
      1249      1.1014789E+01
      1250      1.4616607E+01
      1251      1.1813054E+01
      1252      1.3979826E+01
      1253      1.1126721E+01
      1254      1.1589606E+01
      1255      1.0534224E+01
      1256      1.1867502E+01
      1257      1.2903186E+01
      1258      9.9535115E+00
      1259      4.6750370E+00
      1260      8.8292120E+00
      1261      1.0403620E+01
      1262      9.6951731E+00
      1263      1.2046404E+01
      1264      1.1572983E+01
      1265      9.4347418E+00
      1266      8.8088691E+00
      1267      8.1779800E+00
      1268      8.8714221E+00
      1269      9.0600791E+00
      1270      8.3700347E+00
      1271      1.4214230E+01
      1272      1.1376511E+01
      1273      3.3228697E+00
      1274      9.1385095E+00
      1275      6.3199226E+00
      1276      7.4104249E+00
      1277      6.3087598E+00
      1278      9.1353088E+00
      1279      1.0726599E+01
      1280      7.3615955E+00
      1281      6.3399122E+00
      1282      5.9785585E+00
      1283      5.8507396E+00
      1284      6.5827863E+00
      1285      8.3961001E+00
      1286      1.1558053E+01
      1287      6.0213266E+00
      1288      6.7174041E+00
      1289      5.1638231E+00
      1290      7.0897259E+00
      1291      7.6038166E+00
      1292      6.2716323E+00
      1293      5.7130299E+00
      1294      7.7909967E+00
      1295      7.5449299E+00
      1296      5.2628110E+00
      1297      4.9337820E+00
      1298      6.7933488E+00
      1299      6.7322392E+00
      1300      6.2069638E+00
      1301      6.1106274E+00
      1302      6.1209231E+00
      1303      1.2387457E+01
      1304      1.0438036E+01
      1305      8.5742040E+00
      1306      7.1213943E+00
      1307      4.9273249E+00
      1308      3.2790844E+00
      1309      7.6137037E+00
      1310      7.9448213E+00
      1311      8.1205000E+00
      1312      7.9932917E+00
      1313      7.3088992E+00
      1314      7.1497290E+00
      1315      7.2141035E+00
      1316      6.7676822E+00
      1317      8.5687570E+00
      1318      1.2416713E+01
      1319      1.2880216E+01
      1320      1.0066695E+01
      1321      7.4526984E+00
      1322      5.5400380E+00
      1323      6.0479871E+00
      1324      7.0660599E+00
      1325      7.4547125E+00
      1326      8.8511218E+00
      1327      7.9158415E+00
      1328      8.2877335E+00
      1329      8.3601827E+00
      1330      7.6018297E+00
      1331      6.7492765E+00
      1332      9.2908683E+00
      1333      1.3561873E+01
      1334      1.0852937E+01
      1335      6.3631948E+00
      1336      6.7070532E+00
      1337      6.2384556E+00
      1338      5.9175322E+00
      1339      4.1230662E+00
      1340      9.4325254E+00
      1341      1.0536508E+01
      1342      1.0387981E+01
      1343      9.1108373E+00
      1344      8.4908416E+00
      1345      4.7823484E+00
      1346      7.0688102E+00
      1347      1.0265012E+01
      1348      9.7649831E+00
      1349      8.2528360E+00
      1350      8.3428980E+00
      1351      7.0265450E+00
      1352      7.1941034E+00
      1353      6.6841411E+00
      1354      7.6745969E+00
      1355      8.1019107E+00
      1356      1.0530813E+01
      1357      1.2552255E+01
      1358      1.0010238E+01
      1359      2.9243756E+00
      1360      5.1947314E+00
      1361      7.6420757E+00
      1362      1.0743124E+01
      1363      9.8491714E+00
      1364      8.2990434E+00
      1365      5.2862174E+00
      1366      6.2956459E+00
      1367      6.2549105E+00
      1368      6.2120579E+00
      1369      6.6896422E+00
      1370      1.0261253E+01
      1371      9.6615992E+00
      1372      9.6629052E+00
      1373      1.3469976E+00
      1374      3.1081540E+00
      1375      5.1591931E+00
      1376      6.5476665E+00
      1377      6.9637866E+00
      1378      1.1750946E+01
      1379      5.2245909E+00
      1380      1.3006026E+00
      1381      5.5595601E+00
      1382      9.8265827E+00
      1383      8.7834766E+00
      1384      7.3005808E+00
      1385      7.6739632E+00
      1386      1.0405566E+01
      1387      1.4583935E+01
      1388      6.6311632E+00
      1389      3.8492830E+00
      1390      7.3595676E+00
      1391      1.5176659E+01
      1392      8.3432210E+00
      1393      7.5570713E+00
      1394      9.9137803E+00
      1395      8.5019046E+00
      1396      7.8692996E+00
      1397      5.7883778E+00
      1398      3.7465894E+00
      1399      1.9206494E+00
      1400      6.5387543E-01
      1401      1.8392461E-01
      1402      5.2852586E-01
      1403      1.6050454E+00
      1404      3.4149172E+00
      1405      5.6294186E+00
      1406      8.0203791E+00
      1407      8.7709638E+00
      1408      1.3632110E+01
      1409      1.6902307E+01
      1410      9.7032193E+00
      1411      1.0612619E+01
      1412      1.9194507E+01
      1413      3.1804907E+01
      1414      5.9271273E+00
      1415      3.1775341E+00
      1416      9.6212682E+00
      1417      3.7963276E+01
      1418      1.2620265E+01
      1419      3.5592577E+00
      1420      4.8532518E+00
      1421      6.2892745E+00
      1422      7.4045735E+00
      1423      8.7368892E+00
      1424      9.9562603E+00
      1425      1.0520023E+01
      1426      9.9991242E+00
      1427      1.4206287E+01
      1428      1.4016570E+01
      1429      1.2378926E+01
      1430      1.5158201E+01
      1431      7.4948843E+00
      1432      6.9065839E+00
      1433      6.2595603E+00
      1434      6.6960759E+00
      1435      7.3181544E+00
      1436      7.9521048E+00
      1437      9.9526069E+00
      1438      1.2061764E+01
      1439      9.9192697E+00
      1440      1.5602383E+01
      1441      1.2752634E+01
      1442      1.3528688E+01
      1443      1.3932336E+01
      1444      1.4051799E+01
      1445      1.3907483E+01
      1446      1.3488081E+01
      1447      1.2707647E+01
      1448      1.5900696E+01
      1449      1.6929615E+01
      1450      1.7540390E+01
      1451      1.7653314E+01
      1452      1.7479596E+01
      1453      1.6825494E+01
      1454      1.5771271E+01
      1455      6.9852044E+00
      1456      7.3311242E+00
      1457      7.5322605E+00
      1458      7.6348601E+00
      1459      7.5333227E+00
      1460      7.3328407E+00
      1461      6.9757288E+00
      1462      7.1183882E+00
      1463      7.3921301E+00
      1464      7.6467132E+00
      1465      7.7546028E+00
      1466      7.6566320E+00
      1467      7.4101855E+00
      1468      7.1316699E+00
      1469      6.6708926E+00
      1470      7.0849759E+00
      1471      7.3902282E+00
      1472      7.5191820E+00
      1473      7.4168468E+00
      1474      7.1316005E+00
      1475      6.7201940E+00
      1476      7.3437914E+00
      1477      7.8918964E+00
      1478      8.2019751E+00
      1479      8.3058727E+00
      1480      8.2201501E+00
      1481      7.9311001E+00
      1482      7.3943329E+00
      1483      8.1544587E+00
      1484      8.6816892E+00
      1485      8.8879446E+00
      1486      8.9434208E+00
      1487      8.9063735E+00
      1488      8.7210628E+00
      1489      8.2097567E+00
      1490      8.8324702E+00
      1491      9.0150649E+00
      1492      8.9360701E+00
      1493      8.9445877E+00
      1494      8.9613587E+00
      1495      9.0649269E+00
      1496      8.8980278E+00
      1497      1.0075939E+01
      1498      9.8798130E+00
      1499      9.8868715E+00
      1500      9.8705189E+00
      1501      9.9183636E+00
      1502      9.9361305E+00
      1503      1.0151505E+01
      1504      9.0540819E+00
      1505      8.5766267E+00
      1506      8.5311815E+00
      1507      8.5286526E+00
      1508      8.5495259E+00
      1509      8.6119983E+00
      1510      9.1119155E+00
      1511      8.9434262E+00
      1512      7.8527760E+00
      1513      7.7264857E+00
      1514      7.7552304E+00
      1515      7.7405074E+00
      1516      7.8792643E+00
      1517      8.9886241E+00
      1518      9.9870422E+00
      1519      1.2163898E+01
      1520      1.0055853E+01
      1521      8.0361119E+00
      1522      7.3747612E+00
      1523      6.7315661E+00
      1524      6.2817498E+00
      1525      6.8871556E+00
      1526      7.4371811E+00
      1527      1.5006810E+01
      1528      1.2342282E+01
      1529      1.5675122E+01
      1530      1.4533733E+01
      1531      1.4315362E+01
      1532      1.4190664E+01
      1533      1.4199266E+01
      1534      1.4172785E+01
      1535      1.4279300E+01
      1536      1.4478701E+01
      1537      1.4065650E+01
      1538      1.3568689E+01
      1539      1.4591959E+01
      1540      1.4948209E+01
      1541      1.5084993E+01
      1542      1.4945021E+01
      1543      1.4581886E+01
      1544      1.3544758E+01
      1545      1.4134490E+01
      1546      1.4252867E+01
      1547      1.4356996E+01
      1548      1.4339830E+01
      1549      1.4322007E+01
      1550      1.4179794E+01
      1551      1.4016193E+01
      1552      1.0854995E+01
      1553      1.0488450E+01
      1554      1.0093203E+01
      1555      9.9916572E+00
      1556      1.0054410E+01
      1557      1.0408441E+01
      1558      1.0725358E+01
      1559      1.1245444E+01
      1560      1.2002186E+01
      1561      1.1840842E+01
      1562      1.1777951E+01
      1563      1.1786382E+01
      1564      1.1894687E+01
      1565      1.1069607E+01
      1566      9.9120582E+00
      1567      9.9390708E+00
      1568      1.0129689E+01
      1569      1.0222650E+01
      1570      1.0094280E+01
      1571      9.8684812E+00
      1572      9.8041120E+00
      1573      8.9721020E+00
      1574      9.3836504E+00
      1575      9.7090514E+00
      1576      9.8006600E+00
      1577      9.6611971E+00
      1578      9.3155626E+00
      1579      8.9086148E+00
      1580      7.9487474E+00
      1581      8.9377952E+00
      1582      9.3934602E+00
      1583      9.3546559E+00
      1584      9.3187653E+00
      1585      8.8680570E+00
      1586      7.9357003E+00
      1587      7.1850267E+00
      1588      8.5719456E+00
      1589      9.0868490E+00
      1590      9.0485583E+00
      1591      8.9652813E+00
      1592      8.4921725E+00
      1593      7.2190277E+00
      1594      6.9982051E+00
      1595      9.1836922E+00
      1596      9.6302817E+00
      1597      9.3292852E+00
      1598      9.4509752E+00
      1599      9.1439753E+00
      1600      7.1376449E+00
      1601      9.1742711E+00
      1602      1.0808869E+01
      1603      1.0825909E+01
      1604      1.0484443E+01
      1605      1.1169318E+01
      1606      1.1082081E+01
      1607      9.4627117E+00
      1608      1.3846567E+01
      1609      1.1632742E+01
      1610      1.0861570E+01
      1611      1.1144894E+01
      1612      1.1140612E+01
      1613      1.2277477E+01
      1614      1.4150199E+01
      1615      1.9984524E+01
      1616      1.3078150E+01
      1617      1.1916430E+01
      1618      1.0621017E+01
      1619      1.0829345E+01
      1620      1.2924592E+01
      1621      2.0344299E+01
      1622      1.0609000E+01
      1623      9.3504746E+00
      1624      8.5276944E+00
      1625      8.3495952E+00
      1626      8.6175260E+00
      1627      9.3283655E+00
      1628      1.0675346E+01
      1629      8.9421765E+00
      1630      1.0007886E+01
      1631      8.8305092E+00
      1632      8.7265176E+00
      1633      8.9007952E+00
      1634      1.0019244E+01
      1635      8.9993538E+00
      1636      7.0344610E+00
      1637      6.7626292E+00
      1638      6.3381484E+00
      1639      6.0688825E+00
      1640      6.3716927E+00
      1641      6.8272814E+00
      1642      7.0664817E+00
      1643      1.4344728E+01
      1644      1.0178277E+01
      1645      1.0719980E+01
      1646      1.0114178E+01
      1647      8.8130315E+00
      1648      7.3900653E+00
      1649      6.1648692E+00
      1650      4.6597313E+00
      1651      3.4034773E+00
      1652      1.2097617E+01
      1653      3.7199419E+01
      1654      9.6621302E+00
      1655      3.2169511E+00
      1656      5.9214100E+00
      1657      3.1818124E+01
      1658      3.3288278E+01
      1659      3.3273825E+01
      1660      3.3274378E+01
      1661      3.3287981E+01
      1662      3.3278815E+01
      1663      3.3288000E+01
      1664      3.3287055E+01
      1665      5.0233186E-01
      1666      1.3546953E+00
      1667      2.9280800E+00
      1668      5.1560374E+00
      1669      7.7567046E+00
      1670      9.1538383E+00
      1671      1.4034023E+01
      1672      1.6575279E+01
      1673      9.8522605E+00
      1674      8.5922500E+00
      1675      1.9557698E+01
      1676      5.1355057E-01
      1677      1.3894506E+00
      1678      2.9544610E+00
      1679      5.2538648E+00
      1680      8.0710662E+00
      1681      1.0399518E+01
      1682      1.1560035E+01
      1683      1.9028118E+01
      1684      9.6137063E+00
      1685      9.3675427E+00
      1686      2.0051732E+01
      1687      5.9256476E-01
      1688      1.4645963E+00
      1689      3.0141239E+00
      1690      5.3399104E+00
      1691      8.1057187E+00
      1692      1.0709365E+01
      1693      1.0830352E+01
      1694      2.0096389E+01
      1695      9.1785106E+00
      1696      1.0055147E+01
      1697      1.9461909E+01
      1698      6.2585283E-01
      1699      1.4907970E+00
      1700      3.0381658E+00
      1701      5.3550443E+00
      1702      8.2069688E+00
      1703      1.0714372E+01
      1704      1.0625302E+01
      1705      2.0357501E+01
      1706      8.8419686E+00
      1707      9.8684494E+00
      1708      1.9262387E+01
      1709      5.8111799E-01
      1710      1.4537249E+00
      1711      3.0184412E+00
      1712      5.3637043E+00
      1713      8.1634755E+00
      1714      1.0783392E+01
      1715      1.0934488E+01
      1716      1.9888089E+01
      1717      9.2008171E+00
      1718      1.0048017E+01
      1719      1.9476952E+01
      1720      4.9416111E-01
      1721      1.3823490E+00
      1722      2.9809435E+00
      1723      5.3256791E+00
      1724      8.2028655E+00
      1725      1.0541323E+01
      1726      1.1707153E+01
      1727      1.8777503E+01
      1728      9.6064489E+00
      1729      9.3508124E+00
      1730      2.0056493E+01
      1731      4.9992461E-01
      1732      1.3744611E+00
      1733      2.9940620E+00
      1734      5.2842531E+00
      1735      7.9620206E+00
      1736      9.3149574E+00
      1737      1.4344515E+01
      1738      1.6483827E+01
      1739      9.7582088E+00
      1740      8.5878380E+00
      1741      1.9562533E+01
      1742      1.9204732E+01
      1743      1.0621775E+01
      1744      9.7843084E+00
      1745      1.6945611E+01
      1746      1.3341905E+01
      1747      8.5465395E+00
      1748      7.7814858E+00
      1749      5.4858515E+00
      1750      3.3411880E+00
      1751      1.5771173E+00
      1752      5.2009075E-01
      1753      1.7617610E-01
      1754      2.2912998E-01
      1755      1.6715107E-01
      1756      1.1118059E-01
      1757      1.4723940E-01
      1758      1.4525750E-01
      1759      1.8787845E-01
      1760      2.3883902E-01
      1761      6.1617435E-01
      1762      1.7154131E+00
      1763      3.5850904E+00
      1764      5.6950266E+00
      1765      7.8191952E+00
      1766      8.8123905E+00
      1767      1.1584550E+01
      1768      7.6273126E+00
      1769      9.4536321E+00
      1770      1.4315360E+01
      1771      7.1306211E+00
      1772      3.3633220E+00
      1773      6.8069809E+00
      1774      1.5345814E+01
      1775      6.4302567E-01
      1776      1.7310463E+00
      1777      3.4518340E+00
      1778      5.4803303E+00
      1779      7.5246928E+00
      1780      9.5532732E+00
      1781      9.4766032E+00
      1782      8.0172898E+00
      1783      1.2346362E+01
      1784      1.2136508E+01
      1785      6.9421941E+00
      1786      3.5333272E+00
      1787      6.5793372E+00
      1788      1.5536751E+01
      1789      6.6233523E-01
      1790      1.7248414E+00
      1791      3.3275085E+00
      1792      5.2220953E+00
      1793      7.1395901E+00
      1794      9.3726733E+00
      1795      1.0367795E+01
      1796      8.2899942E+00
      1797      1.2813518E+01
      1798      1.1180151E+01
      1799      6.9274116E+00
      1800      3.4046457E+00
      1801      6.3039659E+00
      1802      1.5461161E+01
      1803      6.5969541E-01
      1804      1.7073779E+00
      1805      3.2844670E+00
      1806      5.0446937E+00
      1807      7.0932734E+00
      1808      8.8426234E+00
      1809      1.0482700E+01
      1810      8.2761109E+00
      1811      1.2985761E+01
      1812      1.1097901E+01
      1813      6.9763775E+00
      1814      3.3030602E+00
      1815      6.2289169E+00
      1816      1.5408306E+01
      1817      6.3191026E-01
      1818      1.6968269E+00
      1819      3.3037093E+00
      1820      5.2030789E+00
      1821      7.1268317E+00
      1822      9.3612073E+00
      1823      1.0374849E+01
      1824      8.2813614E+00
      1825      1.2819668E+01
      1826      1.1190641E+01
      1827      6.9328596E+00
      1828      3.4079920E+00
      1829      6.3090994E+00
      1830      1.5478933E+01
      1831      6.0443207E-01
      1832      1.6902078E+00
      1833      3.4212453E+00
      1834      5.4599925E+00
      1835      7.5073141E+00
      1836      9.5389456E+00
      1837      9.4806066E+00
      1838      8.0055722E+00
      1839      1.2363881E+01
      1840      1.2157330E+01
      1841      6.9519250E+00
      1842      3.5406747E+00
      1843      6.5916583E+00
      1844      1.5572537E+01
      1845      5.9092149E-01
      1846      1.6860771E+00
      1847      3.5610302E+00
      1848      5.6774573E+00
      1849      7.8044934E+00
      1850      8.7922979E+00
      1851      1.1603833E+01
      1852      7.6251535E+00
      1853      9.4713996E+00
      1854      1.4349354E+01
      1855      7.1480198E+00
      1856      3.3714323E+00
      1857      6.8238912E+00
      1858      1.5395074E+01
      1859      6.3513245E-01
      1860      1.8878126E+00
      1861      3.7147118E+00
      1862      5.7730157E+00
      1863      7.8674717E+00
      1864      8.5001075E+00
      1865      9.9376484E+00
      1866      7.5942557E+00
      1867      8.3762653E+00
      1868      1.5220952E+01
      1869      7.3802788E+00
      1870      3.8628493E+00
      1871      6.6578055E+00
      1872      1.4637697E+01
