         1      2.9147869E+00
         2      3.2527800E+00
         3      3.5637834E+00
         4      3.4497582E+00
         5      3.5686884E+00
         6      3.2537813E+00
         7      2.9307039E+00
         8      2.4585063E+00
         9      2.9240075E+00
        10      2.7587409E+00
        11      2.6105333E+00
        12      2.7665886E+00
        13      2.9881538E+00
        14      2.5334616E+00
        15      2.4266029E+00
        16      2.9193248E+00
        17      3.0637818E+00
        18      3.0896064E+00
        19      3.1983133E+00
        20      3.0333583E+00
        21      2.5369612E+00
        22      2.6213605E+00
        23      2.8383638E+00
        24      2.5596705E+00
        25      2.2430409E+00
        26      2.2925758E+00
        27      3.0642088E+00
        28      2.7314085E+00
        29      2.8256259E+00
        30      3.0502003E+00
        31      2.6228060E+00
        32      2.1513665E+00
        33      2.2630475E+00
        34      3.0458642E+00
        35      2.8389048E+00
        36      3.3019959E+00
        37      4.1814796E+00
        38      3.7570543E+00
        39      2.8893525E+00
        40      3.3880231E+00
        41      3.8613030E+00
        42      3.3276780E+00
        43      3.1684844E+00
        44      3.9297072E+00
        45      3.8643672E+00
        46      3.6968534E+00
        47      3.8031654E+00
        48      3.8580160E+00
        49      3.0988282E+00
        50      3.1649359E+00
        51      4.1277399E+00
        52      4.3225961E+00
        53      3.8401862E+00
        54      4.2566975E+00
        55      4.0654141E+00
        56      3.1039693E+00
        57      3.1038013E+00
        58      3.2960329E+00
        59      3.4615871E+00
        60      3.5372643E+00
        61      3.4479130E+00
        62      3.2659843E+00
        63      3.0619652E+00
        64      2.8227272E+00
        65      2.9166999E+00
        66      2.9883521E+00
        67      3.0138597E+00
        68      2.9798051E+00
        69      2.8988663E+00
        70      2.7949875E+00
        71      2.4684457E+00
        72      2.4999569E+00
        73      2.4863003E+00
        74      2.4877575E+00
        75      2.4810299E+00
        76      2.4898509E+00
        77      2.4542969E+00
        78      2.7060113E+00
        79      2.7886461E+00
        80      2.8662878E+00
        81      2.8629102E+00
        82      2.8579823E+00
        83      2.7690315E+00
        84      2.6792311E+00
        85      4.8700294E+00
        86      5.4461752E+00
        87      5.4570556E+00
        88      5.4907973E+00
        89      5.4612949E+00
        90      5.4516912E+00
        91      4.8715838E+00
        92      5.6850056E+00
        93      6.1189862E+00
        94      6.1155965E+00
        95      6.0996465E+00
        96      6.1183349E+00
        97      6.1234864E+00
        98      5.6848194E+00
        99      5.3747733E+00
       100      5.4817753E+00
       101      5.5949861E+00
       102      5.6176935E+00
       103      5.6056203E+00
       104      5.4975782E+00
       105      5.4023189E+00
       106      2.2446028E+00
       107      2.4741924E+00
       108      2.8572962E+00
       109      3.0184025E+00
       110      2.8745318E+00
       111      2.5145760E+00
       112      2.2881478E+00
       113      1.2143266E-08
       114      1.2685204E-08
       115      5.5612735E-01
       116      6.1177879E-01
       117      1.1992190E-08
       118      1.2990691E-08
       119      1.3229277E-08
       120      4.3265976E-01
       121      8.4164956E-01
       122      1.5777724E+00
       123      5.6532274E-01
       124      1.0848175E-08
       125      5.7112717E-01
       126      5.5627568E-01
       127      1.0708059E+00
       128      1.1677006E+00
       129      9.1340773E-01
       130      8.3448529E-09
       131      3.8462277E-01
       132      8.7927030E-01
       133      1.2337744E+00
       134      4.8284769E-01
       135      1.3116156E+00
       136      7.2995489E-01
       137      8.0610179E-09
       138      6.1776111E-01
       139      1.3633075E+00
       140      5.1698523E-01
       141      1.1833442E-08
       142      4.6841489E-01
       143      5.8040359E-01
       144      8.7521141E-09
       145      4.9769081E-01
       146      4.8894714E-01
       147      1.1825319E-08
       148      9.4206078E-09
       149      1.5409261E-08
       150      1.4818371E-08
       151      8.4124967E-09
       152      1.4215729E-08
       153      1.4695461E-08
       154      8.9150513E-09
       155      9.8837952E-09
       156      4.7932631E-01
       157      2.4452364E-01
       158      8.9932113E-09
       159      2.4620600E-01
       160      4.8222274E-01
       161      9.4502292E-09
       162      4.2630310E-01
       163      1.0185761E+00
       164      8.3868217E-01
       165      9.5391100E-09
       166      8.3882070E-01
       167      1.0268382E+00
       168      4.2978752E-01
       169      1.3486968E+00
       170      2.8628161E+00
       171      2.5658471E+00
       172      1.2898174E+00
       173      2.5663629E+00
       174      2.8856711E+00
       175      1.3648180E+00
       176      3.1353229E+00
       177      4.6482220E+00
       178      4.1774980E+00
       179      3.3142088E+00
       180      4.1823579E+00
       181      4.6726786E+00
       182      3.1743711E+00
       183      3.3075618E+00
       184      4.0788172E+00
       185      3.8763473E+00
       186      3.8041153E+00
       187      3.8862267E+00
       188      4.1034454E+00
       189      3.3453452E+00
       190      1.4044744E+00
       191      1.5824883E+00
       192      1.6091260E+00
       193      1.6060515E+00
       194      1.6120440E+00
       195      1.5880038E+00
       196      1.4124089E+00
       197      4.5472252E+00
       198      3.8141455E+00
       199      4.1118436E+00
       200      4.1582547E+00
       201      4.1516830E+00
       202      3.8637077E+00
       203      4.5534103E+00
       204      4.3679493E+00
       205      4.6966583E+00
       206      5.7906513E+00
       207      5.9162373E+00
       208      5.6032491E+00
       209      4.7161687E+00
       210      4.4082779E+00
       211      1.2911957E+00
       212      1.2420956E+00
       213      1.6243416E+00
       214      1.7250309E+00
       215      1.4110913E+00
       216      1.3062634E+00
       217      1.3109010E+00
       218      6.1108256E-01
       219      5.9175504E-01
       220      1.3366665E+00
       221      7.8448380E-01
       222      4.4898964E-01
       223      6.2910898E-01
       224      5.8880691E-01
       225      1.1376597E+00
       226      1.4598520E+00
       227      1.0560602E+00
       228      5.0275310E-01
       229      9.2232584E-01
       230      1.3417925E+00
       231      1.1206887E+00
       232      1.0894964E+00
       233      1.6982712E+00
       234      5.1528677E-01
       235      8.5606969E-09
       236      5.0683844E-01
       237      1.7219865E+00
       238      1.2161199E+00
       239      5.7695905E-01
       240      9.4530960E-01
       241      1.2923614E-08
       242      9.8511754E-09
       243      1.2659650E-08
       244      9.6728347E-01
       245      5.9899844E-01
       246      8.8299372E-01
       247      1.8770017E+00
       248      6.2312927E-01
       249      7.0562365E-09
       250      6.2445575E-01
       251      1.9019492E+00
       252      8.9587520E-01
       253      1.2560510E+00
       254      2.8836006E+00
       255      1.1576240E+00
       256      6.4193233E-09
       257      1.1641950E+00
       258      2.9083192E+00
       259      1.2691607E+00
       260      1.7715524E+00
       261      3.7088066E+00
       262      2.5793474E+00
       263      9.7235286E-01
       264      2.5788550E+00
       265      3.7316502E+00
       266      1.7871949E+00
       267      2.5002833E+00
       268      3.8390183E+00
       269      3.4931761E+00
       270      3.2598873E+00
       271      3.4969611E+00
       272      3.8575669E+00
       273      2.5185533E+00
       274      2.4413574E+00
       275      2.9536655E+00
       276      3.0028582E+00
       277      2.9209113E+00
       278      3.0097140E+00
       279      2.9656969E+00
       280      2.4574684E+00
       281      1.0914038E+00
       282      1.0949878E+00
       283      1.0120226E+00
       284      1.0241213E+00
       285      1.0141071E+00
       286      1.0998273E+00
       287      1.0996558E+00
       288      7.3299961E-09
       289      8.0403697E-09
       290      8.2137751E-09
       291      8.2011002E-09
       292      8.2685820E-09
       293      8.1502665E-09
       294      7.4916386E-09
       295      2.5048550E+00
       296      1.6382955E+00
       297      1.5928280E+00
       298      1.6299607E+00
       299      1.6048631E+00
       300      1.6464304E+00
       301      2.4918241E+00
       302      5.6568499E+00
       303      5.5762118E+00
       304      5.6397180E+00
       305      5.7354355E+00
       306      5.7206516E+00
       307      5.6091025E+00
       308      5.7426391E+00
       309      3.7104438E+00
       310      3.8442284E+00
       311      4.4090921E+00
       312      4.5132582E+00
       313      4.2485882E+00
       314      3.8702003E+00
       315      3.7470125E+00
       316      1.6156471E+00
       317      1.4998171E+00
       318      1.2761307E+00
       319      1.5306538E+00
       320      1.2947750E+00
       321      1.4561063E+00
       322      1.7276552E+00
       323      1.4132177E+00
       324      1.2909107E+00
       325      4.8880192E-01
       326      2.4917414E-01
       327      4.9798034E-01
       328      1.1871903E+00
       329      1.3884537E+00
       330      1.6717748E+00
       331      1.7183522E+00
       332      1.1260001E-08
       333      8.0879197E-09
       334      9.5916180E-09
       335      1.6743835E+00
       336      1.6516526E+00
       337      1.6267613E+00
       338      2.1649615E+00
       339      4.7121997E-01
       340      1.0513094E+00
       341      4.7112712E-01
       342      2.1490633E+00
       343      1.5794048E+00
       344      1.2885598E+00
       345      2.6684844E+00
       346      1.9494083E+00
       347      3.1312089E-01
       348      1.9621243E+00
       349      2.6770510E+00
       350      1.2778623E+00
       351      1.3521869E+00
       352      3.0762087E+00
       353      2.2459965E+00
       354      8.1391783E-01
       355      2.2333200E+00
       356      3.0911940E+00
       357      1.3534585E+00
       358      1.6813417E+00
       359      3.3587737E+00
       360      2.8982072E+00
       361      2.6781151E+00
       362      2.8967712E+00
       363      3.3686132E+00
       364      1.6813534E+00
       365      1.4901911E+00
       366      2.8534391E+00
       367      2.6296442E+00
       368      2.6845205E+00
       369      2.6307033E+00
       370      2.8622587E+00
       371      1.4919586E+00
       372      7.2028732E-01
       373      9.3411357E-01
       374      8.8302832E-01
       375      8.8499977E-01
       376      8.8548764E-01
       377      9.3529827E-01
       378      7.2336384E-01
       379      4.3332361E-09
       380      3.7810379E-09
       381      4.0918103E-09
       382      4.2293375E-09
       383      4.1051988E-09
       384      3.8135674E-09
       385      4.3754640E-09
       386      4.8360807E-09
       387      4.8458260E-09
       388      4.9867436E-09
       389      5.0509560E-09
       390      4.9896253E-09
       391      4.8555624E-09
       392      4.8595447E-09
       393      7.9046901E-01
       394      1.0249064E-08
       395      1.1201259E-08
       396      1.1316331E-08
       397      1.1183081E-08
       398      1.0323167E-08
       399      7.9473680E-01
       400      3.8451210E+00
       401      3.1884322E+00
       402      3.3164468E+00
       403      3.3431151E+00
       404      3.3720931E+00
       405      3.2306102E+00
       406      3.8875775E+00
       407      4.8879526E+00
       408      4.8808583E+00
       409      5.0755148E+00
       410      4.9789258E+00
       411      5.1077659E+00
       412      4.9131930E+00
       413      4.9385622E+00
       414      2.9015141E+00
       415      2.9009502E+00
       416      3.4597964E+00
       417      3.3902503E+00
       418      3.3872766E+00
       419      2.9101766E+00
       420      2.9291789E+00
       421      1.9207196E+00
       422      1.4615543E+00
       423      7.3284215E-01
       424      8.9290826E-01
       425      7.0818495E-01
       426      1.3986032E+00
       427      1.8869089E+00
       428      2.0397701E+00
       429      1.2846229E+00
       430      6.3015741E-01
       431      7.6651930E-01
       432      6.2510171E-01
       433      1.2804490E+00
       434      1.9994821E+00
       435      1.9009083E+00
       436      2.0558779E+00
       437      1.2390737E+00
       438      1.2364405E+00
       439      1.2007351E+00
       440      2.0414350E+00
       441      1.8716867E+00
       442      1.4476223E+00
       443      2.5230912E+00
       444      1.7921828E+00
       445      1.5522023E+00
       446      1.8115336E+00
       447      2.5309012E+00
       448      1.4071454E+00
       449      1.3104264E+00
       450      2.7237879E+00
       451      2.5879298E+00
       452      2.6540973E+00
       453      2.7337065E+00
       454      2.6716404E+00
       455      1.3026489E+00
       456      9.5426855E-01
       457      2.3566222E+00
       458      2.4399712E+00
       459      2.4116270E+00
       460      2.4999872E+00
       461      2.3184718E+00
       462      9.4482243E-01
       463      4.0473679E-01
       464      7.9362175E-01
       465      8.2021887E-01
       466      8.3960960E-01
       467      8.2850970E-01
       468      7.9005520E-01
       469      4.0510717E-01
       470      4.6976719E-09
       471      4.8395049E-09
       472      4.6637529E-09
       473      4.5939969E-09
       474      4.6388555E-09
       475      4.8003591E-09
       476      4.5998188E-09
       477      4.7839753E-09
       478      5.0032454E-09
       479      5.0380500E-09
       480      5.0798344E-09
       481      5.0265865E-09
       482      4.9722115E-09
       483      4.7449704E-09
       484      4.7262356E-09
       485      4.9507825E-09
       486      5.1598643E-09
       487      5.2198817E-09
       488      5.1488279E-09
       489      4.9297814E-09
       490      4.7099304E-09
       491      9.4717411E-09
       492      7.9316546E-09
       493      8.6295846E-09
       494      8.7985192E-09
       495      8.6809069E-09
       496      8.0254969E-09
       497      9.7794631E-09
       498      1.2895177E+00
       499      1.0772864E+00
       500      1.0501314E+00
       501      1.0607642E+00
       502      1.0634283E+00
       503      1.0974399E+00
       504      1.3139099E+00
       505      3.9477287E+00
       506      3.5204956E+00
       507      3.3569767E+00
       508      3.3432048E+00
       509      3.3706893E+00
       510      3.5494219E+00
       511      4.0009475E+00
       512      4.7793817E+00
       513      4.4612797E+00
       514      4.3711482E+00
       515      4.2747361E+00
       516      4.3603328E+00
       517      4.4556497E+00
       518      4.7951084E+00
       519      3.1517342E+00
       520      2.7363272E+00
       521      2.9531834E+00
       522      3.0732936E+00
       523      2.9485388E+00
       524      2.7151959E+00
       525      3.1276887E+00
       526      2.2366459E+00
       527      1.6009684E+00
       528      1.5332736E+00
       529      1.9096873E+00
       530      1.5320435E+00
       531      1.5762937E+00
       532      2.2023366E+00
       533      2.1455947E+00
       534      1.8887970E+00
       535      1.2151227E+00
       536      1.2917441E+00
       537      1.1840926E+00
       538      1.8597754E+00
       539      2.0984728E+00
       540      1.6847432E+00
       541      2.3950028E+00
       542      2.2770131E+00
       543      1.9178926E+00
       544      2.2871922E+00
       545      2.3543820E+00
       546      1.6525338E+00
       547      1.4408952E+00
       548      2.5149603E+00
       549      2.3593137E+00
       550      2.7930591E+00
       551      2.5069710E+00
       552      2.5441427E+00
       553      1.4300802E+00
       554      4.3101082E-01
       555      1.2449201E+00
       556      1.2029978E+00
       557      1.3806583E+00
       558      1.1565960E+00
       559      1.2879637E+00
       560      4.1871707E-01
       561      5.3899349E-09
       562      6.3558614E-09
       563      6.0508341E-09
       564      5.6046298E-09
       565      6.0204856E-09
       566      6.1481615E-09
       567      5.2665514E-09
       568      5.4566263E-09
       569      5.7856116E-09
       570      5.8102922E-09
       571      5.6905031E-09
       572      5.8040938E-09
       573      5.7638537E-09
       574      5.3904574E-09
       575      5.3547220E-09
       576      5.8124071E-09
       577      5.9544562E-09
       578      5.9789773E-09
       579      5.9499842E-09
       580      5.7830790E-09
       581      5.3072596E-09
       582      5.1727949E-09
       583      5.5109716E-09
       584      5.7199186E-09
       585      5.7741483E-09
       586      5.7066856E-09
       587      5.4854216E-09
       588      5.1380025E-09
       589      5.8003413E-09
       590      5.6273608E-09
       591      5.5363307E-09
       592      5.5954133E-09
       593      5.5634021E-09
       594      5.7004775E-09
       595      5.9261967E-09
       596      7.1662926E-09
       597      6.3775308E-09
       598      5.8593904E-09
       599      5.7625138E-09
       600      5.9226903E-09
       601      6.5048954E-09
       602      7.3430146E-09
       603      1.5165833E+00
       604      1.3380169E+00
       605      1.2407931E+00
       606      1.1944796E+00
       607      1.2456978E+00
       608      1.3495680E+00
       609      1.5350862E+00
       610      4.3170809E+00
       611      3.8336139E+00
       612      3.5874098E+00
       613      3.4687313E+00
       614      3.5897023E+00
       615      3.8460597E+00
       616      4.3533492E+00
       617      4.7713968E+00
       618      4.4822058E+00
       619      4.6215424E+00
       620      4.4038818E+00
       621      4.6169508E+00
       622      4.4880839E+00
       623      4.7890712E+00
       624      3.4827370E+00
       625      3.1573672E+00
       626      3.2802196E+00
       627      3.5078617E+00
       628      3.2758632E+00
       629      3.1438715E+00
       630      3.4714342E+00
       631      2.6217726E+00
       632      2.5745813E+00
       633      2.3927012E+00
       634      2.4186756E+00
       635      2.3433009E+00
       636      2.5631158E+00
       637      2.5971191E+00
       638      2.2541804E+00
       639      2.3534346E+00
       640      2.2376228E+00
       641      2.0118812E+00
       642      2.1292668E+00
       643      2.2984087E+00
       644      2.2582766E+00
       645      1.0101541E+00
       646      1.9576529E+00
       647      2.2355523E+00
       648      2.1315051E+00
       649      2.1506152E+00
       650      1.9154041E+00
       651      1.0044313E+00
       652      7.3434021E-09
       653      1.2555768E+00
       654      1.6231150E+00
       655      1.5021129E+00
       656      1.9627434E+00
       657      1.1511850E+00
       658      7.3931837E-09
       659      5.6103315E-09
       660      4.7505943E-01
       661      1.0441536E+00
       662      9.3689132E-01
       663      1.0109548E+00
       664      5.1272199E-01
       665      5.5497841E-09
       666      5.5743692E-09
       667      6.6473973E-09
       668      6.2807134E-09
       669      6.1526574E-09
       670      6.4448844E-09
       671      6.8440710E-09
       672      5.4985524E-09
       673      6.1264118E-09
       674      6.5991646E-09
       675      6.7590525E-09
       676      6.6961588E-09
       677      6.7630231E-09
       678      6.6016757E-09
       679      6.0960300E-09
       680      5.8216661E-09
       681      6.1610358E-09
       682      6.2918181E-09
       683      6.3082827E-09
       684      6.2839810E-09
       685      6.1420985E-09
       686      5.7805163E-09
       687      4.3743457E-09
       688      4.2403530E-09
       689      4.1749406E-09
       690      4.1583758E-09
       691      4.2041564E-09
       692      4.3023097E-09
       693      4.4674954E-09
       694      5.9207368E-09
       695      5.3565711E-09
       696      5.0853273E-09
       697      5.0063170E-09
       698      5.1181598E-09
       699      5.4207420E-09
       700      6.0119761E-09
       701      7.9469425E-09
       702      6.7052133E-09
       703      6.2109981E-09
       704      6.1357162E-09
       705      6.2403029E-09
       706      6.7615025E-09
       707      8.0516989E-09
       708      1.7616130E+00
       709      1.4416258E+00
       710      1.3258736E+00
       711      1.2537058E+00
       712      1.3281219E+00
       713      1.4473439E+00
       714      1.7840958E+00
       715      4.0257054E+00
       716      3.9085341E+00
       717      3.4556136E+00
       718      3.2276856E+00
       719      3.4585150E+00
       720      3.9207477E+00
       721      4.0431440E+00
       722      4.5067263E+00
       723      4.5076091E+00
       724      4.5424706E+00
       725      4.1990267E+00
       726      4.5384147E+00
       727      4.5062784E+00
       728      4.5091604E+00
       729      4.1184981E+00
       730      4.6058366E+00
       731      4.6546919E+00
       732      4.3708361E+00
       733      4.6429383E+00
       734      4.6019257E+00
       735      4.1174974E+00
       736      3.6696139E+00
       737      3.5854232E+00
       738      3.5258272E+00
       739      2.9710353E+00
       740      3.4863638E+00
       741      3.7438583E+00
       742      3.6572755E+00
       743      2.0054168E+00
       744      2.2818430E+00
       745      2.3099621E+00
       746      1.3897793E+00
       747      2.1810000E+00
       748      2.1768923E+00
       749      1.9881782E+00
       750      9.2149799E-01
       751      1.5014817E+00
       752      2.1162759E+00
       753      1.6282784E+00
       754      2.0128345E+00
       755      1.5435369E+00
       756      9.2392362E-01
       757      7.3868639E-09
       758      1.1322852E+00
       759      2.2685818E+00
       760      2.1377540E+00
       761      1.9749336E+00
       762      1.1869707E+00
       763      7.3092200E-09
       764      6.7012128E-09
       765      6.8516703E-01
       766      1.0932245E+00
       767      1.0807489E+00
       768      1.0882689E+00
       769      6.4877478E-01
       770      6.6219049E-09
       771      7.1959037E-09
       772      7.9077541E-09
       773      7.5831397E-09
       774      7.5718447E-09
       775      7.4832706E-09
       776      7.7260807E-09
       777      7.1508815E-09
       778      6.5231712E-09
       779      6.6140073E-09
       780      6.6435019E-09
       781      6.6554594E-09
       782      6.6241022E-09
       783      6.5817729E-09
       784      6.4685316E-09
       785      3.1003568E-09
       786      2.9815410E-09
       787      2.9425915E-09
       788      2.9371081E-09
       789      2.9635020E-09
       790      3.0238408E-09
       791      3.1606437E-09
       792      4.5327221E-09
       793      4.3277856E-09
       794      4.1151031E-09
       795      4.0736548E-09
       796      4.1388273E-09
       797      4.3729380E-09
       798      4.5954773E-09
       799      6.7372126E-09
       800      5.3607611E-09
       801      5.3276225E-09
       802      5.2067168E-09
       803      5.3525820E-09
       804      5.4101017E-09
       805      6.8067945E-09
       806      1.5283911E-01
       807      7.1162811E-09
       808      6.2139751E-09
       809      6.0435787E-09
       810      6.2339770E-09
       811      7.1699669E-09
       812      1.5888308E-01
       813      1.5232779E+00
       814      1.2930668E+00
       815      1.0903693E+00
       816      9.0649266E-01
       817      1.0909593E+00
       818      1.2969214E+00
       819      1.5378320E+00
       820      3.5204882E+00
       821      3.1625002E+00
       822      3.1358909E+00
       823      2.2559847E+00
       824      3.1383269E+00
       825      3.1684442E+00
       826      3.5343467E+00
       827      4.6766461E+00
       828      4.7023403E+00
       829      4.7890525E+00
       830      4.4390520E+00
       831      4.8203558E+00
       832      4.7332042E+00
       833      4.6918545E+00
       834      4.6637572E+00
       835      4.7778196E+00
       836      5.0805911E+00
       837      5.0491754E+00
       838      5.1489306E+00
       839      4.8152790E+00
       840      4.6526214E+00
       841      4.7193105E+00
       842      4.5128220E+00
       843      4.3976634E+00
       844      4.1022884E+00
       845      4.2983633E+00
       846      4.3969320E+00
       847      4.6813235E+00
       848      3.8875653E+00
       849      4.0473807E+00
       850      3.8800786E+00
       851      2.9966713E+00
       852      3.8678777E+00
       853      4.1034212E+00
       854      3.8892676E+00
       855      2.7515934E+00
       856      3.3657437E+00
       857      3.0675992E+00
       858      2.5935184E+00
       859      3.0249675E+00
       860      3.3292191E+00
       861      2.7353462E+00
       862      1.1011316E+00
       863      2.2228497E+00
       864      2.8191714E+00
       865      2.8468219E+00
       866      2.8132361E+00
       867      2.1851460E+00
       868      1.0996305E+00
       869      5.9127273E-01
       870      1.0686902E+00
       871      1.2593763E+00
       872      1.2513080E+00
       873      1.2538538E+00
       874      1.0621473E+00
       875      5.8729039E-01
       876      8.2520359E-09
       877      8.3502733E-09
       878      8.1803474E-09
       879      8.2232998E-09
       880      8.1522991E-09
       881      8.3009492E-09
       882      8.1876330E-09
       883      1.8943244E-09
       884      1.8242353E-09
       885      1.8008278E-09
       886      1.7951636E-09
       887      1.8125958E-09
       888      1.8486554E-09
       889      1.9289277E-09
       890      3.3297696E-09
       891      3.1378568E-09
       892      3.0006124E-09
       893      2.9661923E-09
       894      3.0172318E-09
       895      3.1704408E-09
       896      3.3744052E-09
       897      4.9468340E-09
       898      4.4664700E-09
       899      4.1480987E-09
       900      4.0821235E-09
       901      4.1651495E-09
       902      4.5048754E-09
       903      5.0055408E-09
       904      6.5623420E-09
       905      5.6035970E-09
       906      5.1111523E-09
       907      5.0390061E-09
       908      5.1268695E-09
       909      5.6371463E-09
       910      6.6222876E-09
       911      6.6524849E-09
       912      6.6283481E-09
       913      6.7726839E-09
       914      5.5312662E-09
       915      6.7862303E-09
       916      6.6512726E-09
       917      6.6810792E-09
       918      9.7767372E-01
       919      8.5133529E-01
       920      6.1457408E-01
       921      6.8956170E-09
       922      6.1726798E-01
       923      8.5543197E-01
       924      9.8075990E-01
       925      2.5105665E+00
       926      1.5348045E+00
       927      1.6332256E+00
       928      8.9889060E-01
       929      1.6368989E+00
       930      1.5398884E+00
       931      2.5053649E+00
       932      4.2169452E+00
       933      3.2367758E+00
       934      3.1982778E+00
       935      2.3956603E+00
       936      3.1817474E+00
       937      3.2255055E+00
       938      4.2002979E+00
       939      4.7256984E+00
       940      4.5059624E+00
       941      4.2994890E+00
       942      4.1190273E+00
       943      4.2762986E+00
       944      4.4809998E+00
       945      4.7088446E+00
       946      4.7130594E+00
       947      5.0586315E+00
       948      5.2911406E+00
       949      5.2784384E+00
       950      5.3253951E+00
       951      5.0699298E+00
       952      4.7041319E+00
       953      4.9199427E+00
       954      4.9303384E+00
       955      4.8617051E+00
       956      4.7911081E+00
       957      4.8272824E+00
       958      4.8940788E+00
       959      4.8965017E+00
       960      5.2890813E+00
       961      5.4651851E+00
       962      5.3443469E+00
       963      5.1810529E+00
       964      5.3522818E+00
       965      5.4600624E+00
       966      5.2682382E+00
       967      3.8017038E+00
       968      4.5177210E+00
       969      4.4656417E+00
       970      4.4758302E+00
       971      4.4574634E+00
       972      4.4994072E+00
       973      3.7818081E+00
       974      2.1064795E+00
       975      2.5141558E+00
       976      2.6193231E+00
       977      2.5928698E+00
       978      2.6119059E+00
       979      2.5019847E+00
       980      2.0939412E+00
       981      9.0043578E-10
       982      8.8468544E-10
       983      8.9495710E-10
       984      9.0045447E-10
       985      9.0093597E-10
       986      8.9614933E-10
       987      9.1573912E-10
       988      2.0406372E-09
       989      1.9385465E-09
       990      1.8688868E-09
       991      1.8457359E-09
       992      1.8781706E-09
       993      1.9562027E-09
       994      2.0630155E-09
       995      3.4002102E-09
       996      3.1774871E-09
       997      3.0249615E-09
       998      2.9585991E-09
       999      3.0348263E-09
      1000      3.1948628E-09
      1001      3.4243069E-09
      1002      4.6098579E-09
      1003      4.3549703E-09
      1004      4.1215099E-09
      1005      4.0990923E-09
      1006      4.1282181E-09
      1007      4.3682824E-09
      1008      4.6277163E-09
      1009      5.0804334E-09
      1010      4.7851184E-09
      1011      4.6053551E-09
      1012      4.7953764E-09
      1013      4.6107109E-09
      1014      4.7882286E-09
      1015      5.0805471E-09
      1016      8.4604281E-09
      1017      5.9175714E-09
      1018      5.8589133E-09
      1019      5.2272610E-09
      1020      5.8728291E-09
      1021      5.9283766E-09
      1022      8.4620397E-09
      1023      4.3661727E-01
      1024      5.8694578E-09
      1025      6.8013341E-09
      1026      7.8109430E-09
      1027      6.7954745E-09
      1028      5.8716150E-09
      1029      4.3545807E-01
      1030      1.0689934E+00
      1031      8.6983740E-09
      1032      8.8870306E-09
      1033      8.7718872E-09
      1034      8.8693378E-09
      1035      8.6730940E-09
      1036      1.0655440E+00
      1037      1.7598211E+00
      1038      9.8267000E-01
      1039      9.4604558E-01
      1040      9.7214799E-01
      1041      9.4955761E-01
      1042      9.8486298E-01
      1043      1.7538757E+00
      1044      2.9939323E+00
      1045      2.0295282E+00
      1046      2.1165116E+00
      1047      2.1952967E+00
      1048      2.1132746E+00
      1049      2.0276011E+00
      1050      2.9864450E+00
      1051      4.1123944E+00
      1052      3.7609377E+00
      1053      3.6288896E+00
      1054      3.6303224E+00
      1055      3.6233197E+00
      1056      3.7511610E+00
      1057      4.0988861E+00
      1058      5.3879284E+00
      1059      5.5957069E+00
      1060      5.4937950E+00
      1061      5.4171863E+00
      1062      5.4858270E+00
      1063      5.5819000E+00
      1064      5.3701617E+00
      1065      5.5119499E+00
      1066      5.4003700E+00
      1067      5.1119440E+00
      1068      5.0395902E+00
      1069      5.1064035E+00
      1070      5.3862708E+00
      1071      5.4908119E+00
      1072      6.2293979E+00
      1073      6.7715280E+00
      1074      6.7508316E+00
      1075      6.7150452E+00
      1076      6.7398869E+00
      1077      6.7505244E+00
      1078      6.2024612E+00
      1079      5.1404214E+00
      1080      5.5158128E+00
      1081      5.3823255E+00
      1082      4.4264405E+00
      1083      3.3908050E+00
      1084      1.9993006E+00
      1085      1.1346855E+00
      1086      7.4359088E-01
      1087      8.6577954E-09
      1088      5.2357285E-09
      1089      4.6672927E-09
      1090      3.6124687E-09
      1091      2.2203671E-09
      1092      1.0028495E-09
      1093      1.3448997E+00
      1094      2.4235093E+00
      1095      4.8535306E+00
      1096      5.0417911E+00
      1097      4.5318669E+00
      1098      4.4879230E+00
      1099      4.4706536E+00
      1100      3.1069092E+00
      1101      1.2038963E+00
      1102      7.0916921E-09
      1103      7.0905659E-09
      1104      5.1784388E-09
      1105      3.5869640E-09
      1106      2.1105955E-09
      1107      6.7730264E-09
      1108      8.4222154E-09
      1109      1.0584878E+00
      1110      1.7750667E+00
      1111      3.5753873E+00
      1112      4.7868612E+00
      1113      5.1062572E+00
      1114      5.1388047E+00
      1115      4.1232990E+00
      1116      1.7951820E+00
      1117      1.9546819E-01
      1118      6.8733515E-09
      1119      4.8749328E-09
      1120      3.4193562E-09
      1121      5.7296715E-09
      1122      6.1741171E-09
      1123      7.0426141E-09
      1124      7.0614255E-09
      1125      7.7961987E-01
      1126      2.3926450E+00
      1127      4.0924155E+00
      1128      4.5463733E+00
      1129      4.9249726E+00
      1130      4.0349102E+00
      1131      1.8777608E+00
      1132      9.0911479E-09
      1133      6.3895759E-09
      1134      4.8025690E-09
      1135      5.1129312E-09
      1136      5.6314850E-09
      1137      5.5964295E-09
      1138      5.3877774E-09
      1139      6.5205229E-09
      1140      8.7896239E-01
      1141      1.7015690E+00
      1142      2.9921229E+00
      1143      3.9790289E+00
      1144      5.3297715E+00
      1145      4.6613883E+00
      1146      1.5829858E+00
      1147      8.2127026E-09
      1148      6.1295785E-09
      1149      4.6294784E-09
      1150      4.9117351E-09
      1151      4.8866133E-09
      1152      5.0074612E-09
      1153      5.4341352E-09
      1154      5.7435734E-09
      1155      5.6059932E-09
      1156      9.0012925E-01
      1157      1.9764155E+00
      1158      3.5866052E+00
      1159      5.1710242E+00
      1160      4.3699778E+00
      1161      1.6040141E+00
      1162      8.6467560E-09
      1163      4.4055859E-09
      1164      4.3059990E-09
      1165      4.4462194E-09
      1166      4.6658593E-09
      1167      4.6994165E-09
      1168      3.5867632E-09
      1169      3.7939693E-09
      1170      5.4968863E-09
      1171      7.2432630E-01
      1172      1.4079749E+00
      1173      3.5411844E+00
      1174      5.4426181E+00
      1175      3.7002119E+00
      1176      9.3332831E-01
      1177      4.8566868E-09
      1178      4.3962742E-09
      1179      7.9819525E-09
      1180      6.0718362E-09
      1181      4.7139615E-09
      1182      4.1107390E-09
      1183      4.1110228E-09
      1184      4.3424983E-09
      1185      4.8230442E-09
      1186      6.9486574E-09
      1187      1.1841616E+00
      1188      3.3212191E+00
      1189      4.9945595E+00
      1190      2.3187391E+00
      1191      6.5117431E-09
      1192      1.0563437E+00
      1193      1.3599803E+00
      1194      1.0128126E-08
      1195      6.0094652E-09
      1196      6.2255799E-09
      1197      5.9438917E-09
      1198      5.4689009E-09
      1199      6.0819562E-09
      1200      5.8771995E-09
      1201      7.7449092E-09
      1202      1.0806490E+00
      1203      4.1216801E+00
      1204      4.7840827E+00
      1205      1.1746042E+00
      1206      1.9247290E+00
      1207      1.0358193E+00
      1208      9.4270511E-09
      1209      8.2820952E-09
      1210      7.4382213E-09
      1211      8.1141370E-09
      1212      7.9504923E-09
      1213      1.0027260E-08
      1214      7.4251778E-09
      1215      8.5096017E-09
      1216      7.1052316E-09
      1217      2.3748951E+00
      1218      6.1413708E+00
      1219      4.4783535E+00
      1220      3.3768826E+00
      1221      2.5801310E+00
      1222      2.4845102E+00
      1223      2.7866618E+00
      1224      2.9793075E+00
      1225      2.8781952E+00
      1226      2.2422082E+00
      1227      1.2091597E+00
      1228      8.9672823E-01
      1229      1.8092764E-08
      1230      8.6352882E-01
      1231      1.8257151E+00
      1232      4.1107808E+00
      1233      4.1146367E+00
      1234      1.8182358E+00
      1235      8.6466411E-01
      1236      1.9202263E-08
      1237      9.5166099E-01
      1238      1.1903949E+00
      1239      2.1905576E+00
      1240      2.8218812E+00
      1241      2.9287604E+00
      1242      2.7473275E+00
      1243      2.4572026E+00
      1244      2.5490680E+00
      1245      3.3640707E+00
      1246      4.4639556E+00
      1247      6.1530668E+00
      1248      2.3993253E+00
      1249      7.5657544E-09
      1250      9.7796307E-09
      1251      8.0448697E-09
      1252      9.3688335E-09
      1253      7.4273948E-09
      1254      7.7746254E-09
      1255      7.4105008E-09
      1256      8.1170241E-09
      1257      9.5564857E-09
      1258      1.0485227E+00
      1259      1.9452177E+00
      1260      1.1782258E+00
      1261      4.7894808E+00
      1262      4.1920177E+00
      1263      1.1041713E+00
      1264      7.9040027E-09
      1265      6.3529828E-09
      1266      6.0999865E-09
      1267      5.4491673E-09
      1268      5.9470483E-09
      1269      6.2500699E-09
      1270      6.0183876E-09
      1271      1.0194861E-08
      1272      1.3751534E+00
      1273      1.0663279E+00
      1274      6.7063795E-09
      1275      2.3295896E+00
      1276      5.1242134E+00
      1277      3.3801619E+00
      1278      1.2149775E+00
      1279      7.1666702E-09
      1280      4.9644027E-09
      1281      4.3989523E-09
      1282      4.0652517E-09
      1283      4.0739372E-09
      1284      4.6923045E-09
      1285      6.0114207E-09
      1286      8.0281905E-09
      1287      4.4062271E-09
      1288      4.9103669E-09
      1289      9.3900322E-01
      1290      3.7524924E+00
      1291      5.5260974E+00
      1292      3.5388377E+00
      1293      1.4075723E+00
      1294      7.2887245E-01
      1295      5.3997925E-09
      1296      3.7089812E-09
      1297      3.5129304E-09
      1298      4.6020785E-09
      1299      4.5916827E-09
      1300      4.3943443E-09
      1301      4.2697801E-09
      1302      4.4164519E-09
      1303      8.9812159E-09
      1304      1.6320991E+00
      1305      4.4410435E+00
      1306      5.2325831E+00
      1307      3.6015773E+00
      1308      1.9566426E+00
      1309      8.9275484E-01
      1310      5.4835113E-09
      1311      5.6465204E-09
      1312      5.3249184E-09
      1313      4.9358346E-09
      1314      4.8063051E-09
      1315      4.8566431E-09
      1316      4.6051337E-09
      1317      6.2794368E-09
      1318      8.4235856E-09
      1319      1.6065707E+00
      1320      4.7179751E+00
      1321      5.3706077E+00
      1322      3.9854319E+00
      1323      2.9803671E+00
      1324      1.6916962E+00
      1325      8.7205809E-01
      1326      6.4500648E-09
      1327      5.2882517E-09
      1328      5.5219167E-09
      1329      5.5708416E-09
      1330      5.0691484E-09
      1331      4.9039354E-09
      1332      6.4888492E-09
      1333      9.2343065E-09
      1334      1.9056700E+00
      1335      4.0568250E+00
      1336      4.9334230E+00
      1337      4.5425913E+00
      1338      4.0709341E+00
      1339      2.3678482E+00
      1340      7.7240228E-01
      1341      7.0194315E-09
      1342      6.9641823E-09
      1343      6.1044441E-09
      1344      5.6646629E-09
      1345      3.4806835E-09
      1346      4.9403116E-09
      1347      6.9717740E-09
      1348      1.9997829E-01
      1349      1.8149892E+00
      1350      4.1391900E+00
      1351      5.1369423E+00
      1352      5.0835780E+00
      1353      4.7536244E+00
      1354      3.5582591E+00
      1355      1.7648757E+00
      1356      1.0531565E+00
      1357      8.3667007E-09
      1358      6.7025714E-09
      1359      2.1453499E-09
      1360      3.6371820E-09
      1361      5.2434095E-09
      1362      7.1733539E-09
      1363      7.1347823E-09
      1364      1.2034936E+00
      1365      3.0935455E+00
      1366      4.4461802E+00
      1367      4.4613906E+00
      1368      4.5136834E+00
      1369      5.0187121E+00
      1370      4.8314151E+00
      1371      2.4093380E+00
      1372      1.3360967E+00
      1373      1.0206139E-09
      1374      2.2500173E-09
      1375      3.6458186E-09
      1376      4.6855499E-09
      1377      5.2336506E-09
      1378      8.6440345E-09
      1379      7.4010317E-01
      1380      1.1260693E+00
      1381      1.9916940E+00
      1382      3.3806413E+00
      1383      4.4115361E+00
      1384      5.3616249E+00
      1385      5.4861618E+00
      1386      5.1116661E+00
      1387      1.0921646E+01
      1388      4.8492261E+00
      1389      2.6130388E+00
      1390      1.4780513E+00
      1391      1.1075221E-08
      1392      6.1206576E-09
      1393      5.1991465E-09
      1394      7.1693300E-09
      1395      6.4629824E-09
      1396      5.9272132E-09
      1397      4.3243877E-09
      1398      2.7297311E-09
      1399      1.3785077E-09
      1400      4.6292841E-10
      1401      1.2252687E-10
      1402      3.7669820E-10
      1403      1.1634672E-09
      1404      2.5028544E-09
      1405      4.2362106E-09
      1406      5.9817672E-09
      1407      6.5828258E-09
      1408      9.5236606E-09
      1409      1.1430349E-08
      1410      2.7242858E+00
      1411      7.4328531E+00
      1412      1.4476179E+01
      1413      2.2192440E+01
      1414      4.0506868E+00
      1415      2.1438902E+00
      1416      1.6282315E+00
      1417      2.6587712E-08
      1418      2.1144452E+00
      1419      2.3723341E+00
      1420      3.6644603E+00
      1421      4.7404043E+00
      1422      5.6349159E+00
      1423      6.7009385E+00
      1424      7.6131522E+00
      1425      7.9777758E+00
      1426      7.4964585E+00
      1427      1.0612229E+01
      1428      1.0259781E+01
      1429      3.8237110E+00
      1430      1.0897926E-08
      1431      5.2587591E-09
      1432      4.8503121E-09
      1433      4.2848481E-09
      1434      4.4899506E-09
      1435      4.8756395E-09
      1436      5.3104569E-09
      1437      6.6479483E-09
      1438      8.2179898E-09
      1439      3.1139075E+00
      1440      1.1279816E+01
      1441      3.8640439E+00
      1442      4.1453865E+00
      1443      4.2295827E+00
      1444      4.2475273E+00
      1445      4.2240552E+00
      1446      4.1365818E+00
      1447      3.8554220E+00
      1448      1.1342711E-08
      1449      1.2081260E-08
      1450      1.2477137E-08
      1451      1.2538406E-08
      1452      1.2432541E-08
      1453      1.2005026E-08
      1454      1.1248748E-08
      1455      4.8729203E-09
      1456      5.2051116E-09
      1457      5.3544998E-09
      1458      5.4197081E-09
      1459      5.3483145E-09
      1460      5.1935545E-09
      1461      4.8532635E-09
      1462      4.8589705E-09
      1463      5.0762666E-09
      1464      5.2381305E-09
      1465      5.3073224E-09
      1466      5.2407567E-09
      1467      5.0809266E-09
      1468      4.8591566E-09
      1469      4.4814795E-09
      1470      4.7675036E-09
      1471      4.9709599E-09
      1472      5.0568779E-09
      1473      4.9866969E-09
      1474      4.7949013E-09
      1475      4.5101535E-09
      1476      4.8995552E-09
      1477      5.2711214E-09
      1478      5.4793170E-09
      1479      5.5487330E-09
      1480      5.4904800E-09
      1481      5.2956576E-09
      1482      4.9318498E-09
      1483      5.4326005E-09
      1484      5.7855209E-09
      1485      5.9237116E-09
      1486      5.9607517E-09
      1487      5.9355705E-09
      1488      5.8112103E-09
      1489      5.4692496E-09
      1490      5.8846621E-09
      1491      6.0060007E-09
      1492      5.9533743E-09
      1493      5.9589957E-09
      1494      5.9703650E-09
      1495      6.0394453E-09
      1496      5.9286050E-09
      1497      6.7205181E-09
      1498      6.5978053E-09
      1499      6.6040790E-09
      1500      6.5928754E-09
      1501      6.6255389E-09
      1502      6.6361055E-09
      1503      6.7713544E-09
      1504      1.2473305E+00
      1505      2.2517615E+00
      1506      2.1472225E+00
      1507      2.1505394E+00
      1508      2.1508123E+00
      1509      2.2598183E+00
      1510      1.2548096E+00
      1511      4.3843543E+00
      1512      5.4616662E+00
      1513      5.4015197E+00
      1514      5.4183656E+00
      1515      5.4112861E+00
      1516      5.4798510E+00
      1517      4.4057150E+00
      1518      3.1342630E+00
      1519      8.2883496E-09
      1520      6.7183405E-09
      1521      5.3687293E-09
      1522      4.9129525E-09
      1523      4.5089642E-09
      1524      4.2895492E-09
      1525      4.8227939E-09
      1526      5.2108711E-09
      1527      1.0791035E-08
      1528      3.8185611E+00
      1529      1.1330721E+01
      1530      1.0290761E+01
      1531      1.0180086E+01
      1532      1.0094227E+01
      1533      1.0099009E+01
      1534      1.0081646E+01
      1535      1.0154769E+01
      1536      1.0252228E+01
      1537      1.0305305E+01
      1538      9.6094093E+00
      1539      1.0387859E+01
      1540      1.0622937E+01
      1541      1.0711582E+01
      1542      1.0619180E+01
      1543      1.0377391E+01
      1544      9.5870843E+00
      1545      1.0622712E+01
      1546      1.0330897E+01
      1547      1.0313396E+01
      1548      1.0275443E+01
      1549      1.0291218E+01
      1550      1.0284357E+01
      1551      1.0543740E+01
      1552      8.2100586E+00
      1553      7.7646935E+00
      1554      7.5421974E+00
      1555      7.4920486E+00
      1556      7.5106069E+00
      1557      7.6995003E+00
      1558      8.1041525E+00
      1559      8.3812095E+00
      1560      8.8035873E+00
      1561      8.7933894E+00
      1562      8.7929152E+00
      1563      8.7528613E+00
      1564      8.7264493E+00
      1565      8.2621275E+00
      1566      7.5919815E+00
      1567      7.6189739E+00
      1568      7.7854520E+00
      1569      7.8526606E+00
      1570      7.7536090E+00
      1571      7.5601548E+00
      1572      7.5083437E+00
      1573      6.8510166E+00
      1574      7.1067184E+00
      1575      7.3041330E+00
      1576      7.3564998E+00
      1577      7.2751785E+00
      1578      7.0638727E+00
      1579      6.8072451E+00
      1580      5.9467496E+00
      1581      6.5328796E+00
      1582      6.8142709E+00
      1583      6.7936707E+00
      1584      6.7766787E+00
      1585      6.5035937E+00
      1586      5.9512489E+00
      1587      5.2409257E+00
      1588      6.1219096E+00
      1589      6.4701879E+00
      1590      6.4594008E+00
      1591      6.4087197E+00
      1592      6.0986533E+00
      1593      5.2898358E+00
      1594      5.1774115E+00
      1595      6.3392654E+00
      1596      6.6660795E+00
      1597      6.9268815E+00
      1598      6.6152870E+00
      1599      6.3513736E+00
      1600      5.3140435E+00
      1601      6.5920985E+00
      1602      8.2724712E+00
      1603      8.2052757E+00
      1604      7.9152884E+00
      1605      8.3704223E+00
      1606      8.4290808E+00
      1607      6.8289217E+00
      1608      6.5288668E+00
      1609      8.3315348E+00
      1610      8.0229008E+00
      1611      8.2734681E+00
      1612      8.2409213E+00
      1613      8.7314414E+00
      1614      6.7191271E+00
      1615      6.7744915E+00
      1616      9.3065429E+00
      1617      8.3759475E+00
      1618      7.8624818E+00
      1619      7.9322903E+00
      1620      9.2641130E+00
      1621      6.8734456E+00
      1622      5.0030362E+00
      1623      6.7564031E+00
      1624      6.2521053E+00
      1625      6.2287207E+00
      1626      6.4078216E+00
      1627      6.8024566E+00
      1628      5.0164972E+00
      1629      6.6742187E+00
      1630      7.4525226E+00
      1631      6.4904600E+00
      1632      6.3307003E+00
      1633      6.5727244E+00
      1634      7.5071490E+00
      1635      6.7120995E+00
      1636      4.7120812E+00
      1637      4.6588679E+00
      1638      4.7505724E+00
      1639      4.5236023E+00
      1640      4.7726315E+00
      1641      4.6972428E+00
      1642      4.7339354E+00
      1643      1.0726114E+01
      1644      7.6356145E+00
      1645      8.1275790E+00
      1646      7.7312506E+00
      1647      6.7574692E+00
      1648      5.6174543E+00
      1649      4.6332093E+00
      1650      3.5004844E+00
      1651      2.2701908E+00
      1652      2.0873031E+00
      1653      2.6073886E-08
      1654      1.5556555E+00
      1655      2.1785623E+00
      1656      4.0452019E+00
      1657      2.2203181E+01
      1658      2.2790849E+01
      1659      2.2418187E+01
      1660      2.2304197E+01
      1661      2.2300360E+01
      1662      2.2303804E+01
      1663      2.2421723E+01
      1664      2.2785274E+01
      1665      3.4747999E-10
      1666      9.7780753E-10
      1667      2.1643532E-09
      1668      3.8772494E-09
      1669      5.8565313E-09
      1670      6.9510264E-09
      1671      9.8989792E-09
      1672      1.2085923E-08
      1673      2.5830297E+00
      1674      6.4136859E+00
      1675      1.4182647E+01
      1676      3.5923729E-10
      1677      9.9804082E-10
      1678      2.1943026E-09
      1679      3.9585625E-09
      1680      6.1373851E-09
      1681      7.8746307E-09
      1682      8.2119864E-09
      1683      1.3312539E-08
      1684      2.5908044E+00
      1685      6.7887991E+00
      1686      1.3918299E+01
      1687      4.0242595E-10
      1688      1.0380238E-09
      1689      2.2383196E-09
      1690      4.0487042E-09
      1691      6.2052840E-09
      1692      8.0943336E-09
      1693      7.8306551E-09
      1694      1.3934823E-08
      1695      2.5428182E+00
      1696      6.9796240E+00
      1697      1.3370786E+01
      1698      4.2221378E-10
      1699      1.0539791E-09
      1700      2.2591699E-09
      1701      4.0857551E-09
      1702      6.3005897E-09
      1703      8.1334963E-09
      1704      7.7275871E-09
      1705      1.4153475E-08
      1706      2.5024904E+00
      1707      6.8143996E+00
      1708      1.3178814E+01
      1709      3.9741296E-10
      1710      1.0374277E-09
      1711      2.2517500E-09
      1712      4.0760165E-09
      1713      6.2459241E-09
      1714      8.1456843E-09
      1715      7.8898296E-09
      1716      1.3834282E-08
      1717      2.5560472E+00
      1718      6.9816955E+00
      1719      1.3376144E+01
      1720      3.5283128E-10
      1721      1.0040982E-09
      1722      2.2255346E-09
      1723      4.0191788E-09
      1724      6.2287179E-09
      1725      7.9792991E-09
      1726      8.3046884E-09
      1727      1.3192059E-08
      1728      2.6083580E+00
      1729      6.7910738E+00
      1730      1.3916138E+01
      1731      3.4620370E-10
      1732      9.9749755E-10
      1733      2.2184598E-09
      1734      3.9786826E-09
      1735      6.0049007E-09
      1736      7.0869074E-09
      1737      1.0099935E-08
      1738      1.1985611E-08
      1739      2.5850866E+00
      1740      6.4198848E+00
      1741      1.4181107E+01
      1742      1.4483867E+01
      1743      7.4375427E+00
      1744      2.7329102E+00
      1745      1.1474534E-08
      1746      9.3210499E-09
      1747      6.4106820E-09
      1748      5.8035339E-09
      1749      4.1200543E-09
      1750      2.4440800E-09
      1751      1.1403222E-09
      1752      3.7133391E-10
      1753      1.1736597E-10
      1754      1.5397473E-10
      1755      1.1213352E-10
      1756      7.4650081E-11
      1757      9.8513633E-11
      1758      9.6776798E-11
      1759      1.2829903E-10
      1760      1.6097393E-10
      1761      4.2265900E-10
      1762      1.2354813E-09
      1763      2.6251272E-09
      1764      4.2494109E-09
      1765      5.8578167E-09
      1766      6.5056679E-09
      1767      8.1212940E-09
      1768      5.3085464E-09
      1769      6.7667381E-09
      1770      1.0559414E-08
      1771      1.6470694E+00
      1772      2.3889478E+00
      1773      5.1835955E+00
      1774      1.1029186E+01
      1775      4.3277524E-10
      1776      1.2299535E-09
      1777      2.5440295E-09
      1778      4.0612626E-09
      1779      5.5831571E-09
      1780      6.9274643E-09
      1781      7.2330265E-09
      1782      5.8336370E-09
      1783      8.5707288E-09
      1784      8.9225123E-09
      1785      1.6193701E+00
      1786      2.6226974E+00
      1787      4.9951530E+00
      1788      1.0737383E+01
      1789      4.4342388E-10
      1790      1.2138397E-09
      1791      2.4630659E-09
      1792      3.9165285E-09
      1793      5.3382171E-09
      1794      6.8650444E-09
      1795      7.6369134E-09
      1796      6.1371411E-09
      1797      8.9409639E-09
      1798      8.2835396E-09
      1799      1.6070253E+00
      1800      2.5649764E+00
      1801      4.7949558E+00
      1802      1.0632348E+01
      1803      4.4192954E-10
      1804      1.2008188E-09
      1805      2.4332883E-09
      1806      3.8657651E-09
      1807      5.3302752E-09
      1808      6.6845084E-09
      1809      7.6795775E-09
      1810      6.3329593E-09
      1811      9.0735610E-09
      1812      8.2106969E-09
      1813      1.6118750E+00
      1814      2.5030053E+00
      1815      4.7370403E+00
      1816      1.0591720E+01
      1817      4.2474598E-10
      1818      1.1994671E-09
      1819      2.4532538E-09
      1820      3.9094708E-09
      1821      5.3306535E-09
      1822      6.8558721E-09
      1823      7.6353330E-09
      1824      6.1363274E-09
      1825      8.9436601E-09
      1826      8.2885605E-09
      1827      1.6093779E+00
      1828      2.5670305E+00
      1829      4.7990865E+00
      1830      1.0644926E+01
      1831      4.0904079E-10
      1832      1.2085688E-09
      1833      2.5294218E-09
      1834      4.0509931E-09
      1835      5.5726017E-09
      1836      6.9137406E-09
      1837      7.2267560E-09
      1838      5.8331991E-09
      1839      8.5800749E-09
      1840      8.9363791E-09
      1841      1.6223194E+00
      1842      2.6274458E+00
      1843      5.0035422E+00
      1844      1.0762401E+01
      1845      4.0667789E-10
      1846      1.2185969E-09
      1847      2.6111977E-09
      1848      4.2399516E-09
      1849      5.8487172E-09
      1850      6.4891732E-09
      1851      8.1278738E-09
      1852      5.3101213E-09
      1853      6.7779833E-09
      1854      1.0584387E-08
      1855      1.6515887E+00
      1856      2.3946252E+00
      1857      5.1960002E+00
      1858      1.1065092E+01
      1859      4.5031976E-10
      1860      1.3577893E-09
      1861      2.7096126E-09
      1862      4.3154116E-09
      1863      5.9247230E-09
      1864      6.4637231E-09
      1865      7.1853404E-09
      1866      5.2236569E-09
      1867      6.1435950E-09
      1868      1.1106467E-08
      1869      1.4838522E+00
      1870      2.6222582E+00
      1871      4.8675388E+00
      1872      1.0963255E+01
