  1.8666667E+01    1.2500000E+00    1.2500000E+00
  1.8666667E+01    1.2500000E+00    2.5000000E+00
  1.8666667E+01    1.2500000E+00    3.7500000E+00
  1.8666667E+01    1.2500000E+00    5.0000000E+00
  1.8666667E+01    1.2500000E+00    6.2500000E+00
  1.8666667E+01    1.2500000E+00    7.5000000E+00
  1.8666667E+01    1.2500000E+00    8.7500000E+00
  1.7333333E+01    1.2500000E+00    1.2500000E+00
  1.7333333E+01    1.2500000E+00    2.5000000E+00
  1.7333333E+01    1.2500000E+00    3.7500000E+00
  1.7333333E+01    1.2500000E+00    5.0000000E+00
  1.7333333E+01    1.2500000E+00    6.2500000E+00
  1.7333333E+01    1.2500000E+00    7.5000000E+00
  1.7333333E+01    1.2500000E+00    8.7500000E+00
  1.6000000E+01    1.2500000E+00    1.2500000E+00
  1.6000000E+01    1.2500000E+00    2.5000000E+00
  1.6000000E+01    1.2500000E+00    3.7500000E+00
  1.6000000E+01    1.2500000E+00    5.0000000E+00
  1.6000000E+01    1.2500000E+00    6.2500000E+00
  1.6000000E+01    1.2500000E+00    7.5000000E+00
  1.6000000E+01    1.2500000E+00    8.7500000E+00
  1.4666667E+01    1.2500000E+00    1.2500000E+00
  1.4666667E+01    1.2500000E+00    2.5000000E+00
  1.4666667E+01    1.2500000E+00    3.7500000E+00
  1.4666667E+01    1.2500000E+00    5.0000000E+00
  1.4666667E+01    1.2500000E+00    6.2500000E+00
  1.4666667E+01    1.2500000E+00    7.5000000E+00
  1.4666667E+01    1.2500000E+00    8.7500000E+00
  1.3333333E+01    1.2500000E+00    1.2500000E+00
  1.3333333E+01    1.2500000E+00    2.5000000E+00
  1.3333333E+01    1.2500000E+00    3.7500000E+00
  1.3333333E+01    1.2500000E+00    5.0000000E+00
  1.3333333E+01    1.2500000E+00    6.2500000E+00
  1.3333333E+01    1.2500000E+00    7.5000000E+00
  1.3333333E+01    1.2500000E+00    8.7500000E+00
  1.2000000E+01    1.2500000E+00    1.2500000E+00
  1.2000000E+01    1.2500000E+00    2.5000000E+00
  1.2000000E+01    1.2500000E+00    3.7500000E+00
  1.2000000E+01    1.2500000E+00    5.0000000E+00
  1.2000000E+01    1.2500000E+00    6.2500000E+00
  1.2000000E+01    1.2500000E+00    7.5000000E+00
  1.2000000E+01    1.2500000E+00    8.7500000E+00
  1.0666667E+01    1.2500000E+00    1.2500000E+00
  1.0666667E+01    1.2500000E+00    2.5000000E+00
  1.0666667E+01    1.2500000E+00    3.7500000E+00
  1.0666667E+01    1.2500000E+00    5.0000000E+00
  1.0666667E+01    1.2500000E+00    6.2500000E+00
  1.0666667E+01    1.2500000E+00    7.5000000E+00
  1.0666667E+01    1.2500000E+00    8.7500000E+00
  9.3333333E+00    1.2500000E+00    1.2500000E+00
  9.3333333E+00    1.2500000E+00    2.5000000E+00
  9.3333333E+00    1.2500000E+00    3.7500000E+00
  9.3333333E+00    1.2500000E+00    5.0000000E+00
  9.3333333E+00    1.2500000E+00    6.2500000E+00
  9.3333333E+00    1.2500000E+00    7.5000000E+00
  9.3333333E+00    1.2500000E+00    8.7500000E+00
  8.0000000E+00    1.2500000E+00    1.2500000E+00
  8.0000000E+00    1.2500000E+00    2.5000000E+00
  8.0000000E+00    1.2500000E+00    3.7500000E+00
  8.0000000E+00    1.2500000E+00    5.0000000E+00
  8.0000000E+00    1.2500000E+00    6.2500000E+00
  8.0000000E+00    1.2500000E+00    7.5000000E+00
  8.0000000E+00    1.2500000E+00    8.7500000E+00
  6.6666667E+00    1.2500000E+00    1.2500000E+00
  6.6666667E+00    1.2500000E+00    2.5000000E+00
  6.6666667E+00    1.2500000E+00    3.7500000E+00
  6.6666667E+00    1.2500000E+00    5.0000000E+00
  6.6666667E+00    1.2500000E+00    6.2500000E+00
  6.6666667E+00    1.2500000E+00    7.5000000E+00
  6.6666667E+00    1.2500000E+00    8.7500000E+00
  5.3333333E+00    1.2500000E+00    1.2500000E+00
  5.3333333E+00    1.2500000E+00    2.5000000E+00
  5.3333333E+00    1.2500000E+00    3.7500000E+00
  5.3333333E+00    1.2500000E+00    5.0000000E+00
  5.3333333E+00    1.2500000E+00    6.2500000E+00
  5.3333333E+00    1.2500000E+00    7.5000000E+00
  5.3333333E+00    1.2500000E+00    8.7500000E+00
  4.0000000E+00    1.2500000E+00    1.2500000E+00
  4.0000000E+00    1.2500000E+00    2.5000000E+00
  4.0000000E+00    1.2500000E+00    3.7500000E+00
  4.0000000E+00    1.2500000E+00    5.0000000E+00
  4.0000000E+00    1.2500000E+00    6.2500000E+00
  4.0000000E+00    1.2500000E+00    7.5000000E+00
  4.0000000E+00    1.2500000E+00    8.7500000E+00
  2.6666667E+00    1.2500000E+00    1.2500000E+00
  2.6666667E+00    1.2500000E+00    2.5000000E+00
  2.6666667E+00    1.2500000E+00    3.7500000E+00
  2.6666667E+00    1.2500000E+00    5.0000000E+00
  2.6666667E+00    1.2500000E+00    6.2500000E+00
  2.6666667E+00    1.2500000E+00    7.5000000E+00
  2.6666667E+00    1.2500000E+00    8.7500000E+00
  1.3333333E+00    1.2500000E+00    1.2500000E+00
  1.3333333E+00    1.2500000E+00    2.5000000E+00
  1.3333333E+00    1.2500000E+00    3.7500000E+00
  1.3333333E+00    1.2500000E+00    5.0000000E+00
  1.3333333E+00    1.2500000E+00    6.2500000E+00
  1.3333333E+00    1.2500000E+00    7.5000000E+00
  1.3333333E+00    1.2500000E+00    8.7500000E+00
  1.8666667E+01    2.5000000E+00    1.2500000E+00
  1.8666667E+01    2.5000000E+00    2.5000000E+00
  1.8666667E+01    2.5000000E+00    3.7500000E+00
  1.8666667E+01    2.5000000E+00    5.0000000E+00
  1.8666667E+01    2.5000000E+00    6.2500000E+00
  1.8666667E+01    2.5000000E+00    7.5000000E+00
  1.8666667E+01    2.5000000E+00    8.7500000E+00
  1.7333333E+01    2.5000000E+00    1.2500000E+00
  1.7333333E+01    2.5000000E+00    2.5000000E+00
  1.7333333E+01    2.5000000E+00    3.7500000E+00
  1.7333333E+01    2.5000000E+00    5.0000000E+00
  1.7333333E+01    2.5000000E+00    6.2500000E+00
  1.7333333E+01    2.5000000E+00    7.5000000E+00
  1.7333333E+01    2.5000000E+00    8.7500000E+00
  1.6000000E+01    2.5000000E+00    1.2500000E+00
  1.6000000E+01    2.5000000E+00    2.5000000E+00
  1.6000000E+01    2.5000000E+00    3.7500000E+00
  1.6000000E+01    2.5000000E+00    5.0000000E+00
  1.6000000E+01    2.5000000E+00    6.2500000E+00
  1.6000000E+01    2.5000000E+00    7.5000000E+00
  1.6000000E+01    2.5000000E+00    8.7500000E+00
  1.4666667E+01    2.5000000E+00    1.2500000E+00
  1.4666667E+01    2.5000000E+00    2.5000000E+00
  1.4666667E+01    2.5000000E+00    3.7500000E+00
  1.4666667E+01    2.5000000E+00    5.0000000E+00
  1.4666667E+01    2.5000000E+00    6.2500000E+00
  1.4666667E+01    2.5000000E+00    7.5000000E+00
  1.4666667E+01    2.5000000E+00    8.7500000E+00
  1.3333333E+01    2.5000000E+00    1.2500000E+00
  1.3333333E+01    2.5000000E+00    2.5000000E+00
  1.3333333E+01    2.5000000E+00    3.7500000E+00
  1.3333333E+01    2.5000000E+00    5.0000000E+00
  1.3333333E+01    2.5000000E+00    6.2500000E+00
  1.3333333E+01    2.5000000E+00    7.5000000E+00
  1.3333333E+01    2.5000000E+00    8.7500000E+00
  1.2000000E+01    2.5000000E+00    1.2500000E+00
  1.2000000E+01    2.5000000E+00    2.5000000E+00
  1.2000000E+01    2.5000000E+00    3.7500000E+00
  1.2000000E+01    2.5000000E+00    5.0000000E+00
  1.2000000E+01    2.5000000E+00    6.2500000E+00
  1.2000000E+01    2.5000000E+00    7.5000000E+00
  1.2000000E+01    2.5000000E+00    8.7500000E+00
  1.0666667E+01    2.5000000E+00    1.2500000E+00
  1.0666667E+01    2.5000000E+00    2.5000000E+00
  1.0666667E+01    2.5000000E+00    3.7500000E+00
  1.0666667E+01    2.5000000E+00    5.0000000E+00
  1.0666667E+01    2.5000000E+00    6.2500000E+00
  1.0666667E+01    2.5000000E+00    7.5000000E+00
  1.0666667E+01    2.5000000E+00    8.7500000E+00
  9.3333333E+00    2.5000000E+00    1.2500000E+00
  9.3333333E+00    2.5000000E+00    2.5000000E+00
  9.3333333E+00    2.5000000E+00    3.7500000E+00
  9.3333333E+00    2.5000000E+00    5.0000000E+00
  9.3333333E+00    2.5000000E+00    6.2500000E+00
  9.3333333E+00    2.5000000E+00    7.5000000E+00
  9.3333333E+00    2.5000000E+00    8.7500000E+00
  8.0000000E+00    2.5000000E+00    1.2500000E+00
  8.0000000E+00    2.5000000E+00    2.5000000E+00
  8.0000000E+00    2.5000000E+00    3.7500000E+00
  8.0000000E+00    2.5000000E+00    5.0000000E+00
  8.0000000E+00    2.5000000E+00    6.2500000E+00
  8.0000000E+00    2.5000000E+00    7.5000000E+00
  8.0000000E+00    2.5000000E+00    8.7500000E+00
  6.6666667E+00    2.5000000E+00    1.2500000E+00
  6.6666667E+00    2.5000000E+00    2.5000000E+00
  6.6666667E+00    2.5000000E+00    3.7500000E+00
  6.6666667E+00    2.5000000E+00    5.0000000E+00
  6.6666667E+00    2.5000000E+00    6.2500000E+00
  6.6666667E+00    2.5000000E+00    7.5000000E+00
  6.6666667E+00    2.5000000E+00    8.7500000E+00
  5.3333333E+00    2.5000000E+00    1.2500000E+00
  5.3333333E+00    2.5000000E+00    2.5000000E+00
  5.3333333E+00    2.5000000E+00    3.7500000E+00
  5.3333333E+00    2.5000000E+00    5.0000000E+00
  5.3333333E+00    2.5000000E+00    6.2500000E+00
  5.3333333E+00    2.5000000E+00    7.5000000E+00
  5.3333333E+00    2.5000000E+00    8.7500000E+00
  4.0000000E+00    2.5000000E+00    1.2500000E+00
  4.0000000E+00    2.5000000E+00    2.5000000E+00
  4.0000000E+00    2.5000000E+00    3.7500000E+00
  4.0000000E+00    2.5000000E+00    5.0000000E+00
  4.0000000E+00    2.5000000E+00    6.2500000E+00
  4.0000000E+00    2.5000000E+00    7.5000000E+00
  4.0000000E+00    2.5000000E+00    8.7500000E+00
  2.6666667E+00    2.5000000E+00    1.2500000E+00
  2.6666667E+00    2.5000000E+00    2.5000000E+00
  2.6666667E+00    2.5000000E+00    3.7500000E+00
  2.6666667E+00    2.5000000E+00    5.0000000E+00
  2.6666667E+00    2.5000000E+00    6.2500000E+00
  2.6666667E+00    2.5000000E+00    7.5000000E+00
  2.6666667E+00    2.5000000E+00    8.7500000E+00
  1.3333333E+00    2.5000000E+00    1.2500000E+00
  1.3333333E+00    2.5000000E+00    2.5000000E+00
  1.3333333E+00    2.5000000E+00    3.7500000E+00
  1.3333333E+00    2.5000000E+00    5.0000000E+00
  1.3333333E+00    2.5000000E+00    6.2500000E+00
  1.3333333E+00    2.5000000E+00    7.5000000E+00
  1.3333333E+00    2.5000000E+00    8.7500000E+00
  1.8666667E+01    3.7500000E+00    1.2500000E+00
  1.8666667E+01    3.7500000E+00    2.5000000E+00
  1.8666667E+01    3.7500000E+00    3.7500000E+00
  1.8666667E+01    3.7500000E+00    5.0000000E+00
  1.8666667E+01    3.7500000E+00    6.2500000E+00
  1.8666667E+01    3.7500000E+00    7.5000000E+00
  1.8666667E+01    3.7500000E+00    8.7500000E+00
  1.7333333E+01    3.7500000E+00    1.2500000E+00
  1.7333333E+01    3.7500000E+00    2.5000000E+00
  1.7333333E+01    3.7500000E+00    3.7500000E+00
  1.7333333E+01    3.7500000E+00    5.0000000E+00
  1.7333333E+01    3.7500000E+00    6.2500000E+00
  1.7333333E+01    3.7500000E+00    7.5000000E+00
  1.7333333E+01    3.7500000E+00    8.7500000E+00
  1.6000000E+01    3.7500000E+00    1.2500000E+00
  1.6000000E+01    3.7500000E+00    2.5000000E+00
  1.6000000E+01    3.7500000E+00    3.7500000E+00
  1.6000000E+01    3.7500000E+00    5.0000000E+00
  1.6000000E+01    3.7500000E+00    6.2500000E+00
  1.6000000E+01    3.7500000E+00    7.5000000E+00
  1.6000000E+01    3.7500000E+00    8.7500000E+00
  1.4666667E+01    3.7500000E+00    1.2500000E+00
  1.4666667E+01    3.7500000E+00    2.5000000E+00
  1.4666667E+01    3.7500000E+00    3.7500000E+00
  1.4666667E+01    3.7500000E+00    5.0000000E+00
  1.4666667E+01    3.7500000E+00    6.2500000E+00
  1.4666667E+01    3.7500000E+00    7.5000000E+00
  1.4666667E+01    3.7500000E+00    8.7500000E+00
  1.3333333E+01    3.7500000E+00    1.2500000E+00
  1.3333333E+01    3.7500000E+00    2.5000000E+00
  1.3333333E+01    3.7500000E+00    3.7500000E+00
  1.3333333E+01    3.7500000E+00    5.0000000E+00
  1.3333333E+01    3.7500000E+00    6.2500000E+00
  1.3333333E+01    3.7500000E+00    7.5000000E+00
  1.3333333E+01    3.7500000E+00    8.7500000E+00
  1.2000000E+01    3.7500000E+00    1.2500000E+00
  1.2000000E+01    3.7500000E+00    2.5000000E+00
  1.2000000E+01    3.7500000E+00    3.7500000E+00
  1.2000000E+01    3.7500000E+00    5.0000000E+00
  1.2000000E+01    3.7500000E+00    6.2500000E+00
  1.2000000E+01    3.7500000E+00    7.5000000E+00
  1.2000000E+01    3.7500000E+00    8.7500000E+00
  1.0666667E+01    3.7500000E+00    1.2500000E+00
  1.0666667E+01    3.7500000E+00    2.5000000E+00
  1.0666667E+01    3.7500000E+00    3.7500000E+00
  1.0666667E+01    3.7500000E+00    5.0000000E+00
  1.0666667E+01    3.7500000E+00    6.2500000E+00
  1.0666667E+01    3.7500000E+00    7.5000000E+00
  1.0666667E+01    3.7500000E+00    8.7500000E+00
  9.3333333E+00    3.7500000E+00    1.2500000E+00
  9.3333333E+00    3.7500000E+00    2.5000000E+00
  9.3333333E+00    3.7500000E+00    3.7500000E+00
  9.3333333E+00    3.7500000E+00    5.0000000E+00
  9.3333333E+00    3.7500000E+00    6.2500000E+00
  9.3333333E+00    3.7500000E+00    7.5000000E+00
  9.3333333E+00    3.7500000E+00    8.7500000E+00
  8.0000000E+00    3.7500000E+00    1.2500000E+00
  8.0000000E+00    3.7500000E+00    2.5000000E+00
  8.0000000E+00    3.7500000E+00    3.7500000E+00
  8.0000000E+00    3.7500000E+00    5.0000000E+00
  8.0000000E+00    3.7500000E+00    6.2500000E+00
  8.0000000E+00    3.7500000E+00    7.5000000E+00
  8.0000000E+00    3.7500000E+00    8.7500000E+00
  6.6666667E+00    3.7500000E+00    1.2500000E+00
  6.6666667E+00    3.7500000E+00    2.5000000E+00
  6.6666667E+00    3.7500000E+00    3.7500000E+00
  6.6666667E+00    3.7500000E+00    5.0000000E+00
  6.6666667E+00    3.7500000E+00    6.2500000E+00
  6.6666667E+00    3.7500000E+00    7.5000000E+00
  6.6666667E+00    3.7500000E+00    8.7500000E+00
  5.3333333E+00    3.7500000E+00    1.2500000E+00
  5.3333333E+00    3.7500000E+00    2.5000000E+00
  5.3333333E+00    3.7500000E+00    3.7500000E+00
  5.3333333E+00    3.7500000E+00    5.0000000E+00
  5.3333333E+00    3.7500000E+00    6.2500000E+00
  5.3333333E+00    3.7500000E+00    7.5000000E+00
  5.3333333E+00    3.7500000E+00    8.7500000E+00
  4.0000000E+00    3.7500000E+00    1.2500000E+00
  4.0000000E+00    3.7500000E+00    2.5000000E+00
  4.0000000E+00    3.7500000E+00    3.7500000E+00
  4.0000000E+00    3.7500000E+00    5.0000000E+00
  4.0000000E+00    3.7500000E+00    6.2500000E+00
  4.0000000E+00    3.7500000E+00    7.5000000E+00
  4.0000000E+00    3.7500000E+00    8.7500000E+00
  2.6666667E+00    3.7500000E+00    1.2500000E+00
  2.6666667E+00    3.7500000E+00    2.5000000E+00
  2.6666667E+00    3.7500000E+00    3.7500000E+00
  2.6666667E+00    3.7500000E+00    5.0000000E+00
  2.6666667E+00    3.7500000E+00    6.2500000E+00
  2.6666667E+00    3.7500000E+00    7.5000000E+00
  2.6666667E+00    3.7500000E+00    8.7500000E+00
  1.3333333E+00    3.7500000E+00    1.2500000E+00
  1.3333333E+00    3.7500000E+00    2.5000000E+00
  1.3333333E+00    3.7500000E+00    3.7500000E+00
  1.3333333E+00    3.7500000E+00    5.0000000E+00
  1.3333333E+00    3.7500000E+00    6.2500000E+00
  1.3333333E+00    3.7500000E+00    7.5000000E+00
  1.3333333E+00    3.7500000E+00    8.7500000E+00
  1.8666667E+01    5.0000000E+00    1.2500000E+00
  1.8666667E+01    5.0000000E+00    2.5000000E+00
  1.8666667E+01    5.0000000E+00    3.7500000E+00
  1.8666667E+01    5.0000000E+00    5.0000000E+00
  1.8666667E+01    5.0000000E+00    6.2500000E+00
  1.8666667E+01    5.0000000E+00    7.5000000E+00
  1.8666667E+01    5.0000000E+00    8.7500000E+00
  1.7333333E+01    5.0000000E+00    1.2500000E+00
  1.7333333E+01    5.0000000E+00    2.5000000E+00
  1.7333333E+01    5.0000000E+00    3.7500000E+00
  1.7333333E+01    5.0000000E+00    5.0000000E+00
  1.7333333E+01    5.0000000E+00    6.2500000E+00
  1.7333333E+01    5.0000000E+00    7.5000000E+00
  1.7333333E+01    5.0000000E+00    8.7500000E+00
  1.6000000E+01    5.0000000E+00    1.2500000E+00
  1.6000000E+01    5.0000000E+00    2.5000000E+00
  1.6000000E+01    5.0000000E+00    3.7500000E+00
  1.6000000E+01    5.0000000E+00    5.0000000E+00
  1.6000000E+01    5.0000000E+00    6.2500000E+00
  1.6000000E+01    5.0000000E+00    7.5000000E+00
  1.6000000E+01    5.0000000E+00    8.7500000E+00
  1.4666667E+01    5.0000000E+00    1.2500000E+00
  1.4666667E+01    5.0000000E+00    2.5000000E+00
  1.4666667E+01    5.0000000E+00    3.7500000E+00
  1.4666667E+01    5.0000000E+00    5.0000000E+00
  1.4666667E+01    5.0000000E+00    6.2500000E+00
  1.4666667E+01    5.0000000E+00    7.5000000E+00
  1.4666667E+01    5.0000000E+00    8.7500000E+00
  1.3333333E+01    5.0000000E+00    1.2500000E+00
  1.3333333E+01    5.0000000E+00    2.5000000E+00
  1.3333333E+01    5.0000000E+00    3.7500000E+00
  1.3333333E+01    5.0000000E+00    5.0000000E+00
  1.3333333E+01    5.0000000E+00    6.2500000E+00
  1.3333333E+01    5.0000000E+00    7.5000000E+00
  1.3333333E+01    5.0000000E+00    8.7500000E+00
  1.2000000E+01    5.0000000E+00    1.2500000E+00
  1.2000000E+01    5.0000000E+00    2.5000000E+00
  1.2000000E+01    5.0000000E+00    3.7500000E+00
  1.2000000E+01    5.0000000E+00    5.0000000E+00
  1.2000000E+01    5.0000000E+00    6.2500000E+00
  1.2000000E+01    5.0000000E+00    7.5000000E+00
  1.2000000E+01    5.0000000E+00    8.7500000E+00
  1.0666667E+01    5.0000000E+00    1.2500000E+00
  1.0666667E+01    5.0000000E+00    2.5000000E+00
  1.0666667E+01    5.0000000E+00    3.7500000E+00
  1.0666667E+01    5.0000000E+00    5.0000000E+00
  1.0666667E+01    5.0000000E+00    6.2500000E+00
  1.0666667E+01    5.0000000E+00    7.5000000E+00
  1.0666667E+01    5.0000000E+00    8.7500000E+00
  9.3333333E+00    5.0000000E+00    1.2500000E+00
  9.3333333E+00    5.0000000E+00    2.5000000E+00
  9.3333333E+00    5.0000000E+00    3.7500000E+00
  9.3333333E+00    5.0000000E+00    5.0000000E+00
  9.3333333E+00    5.0000000E+00    6.2500000E+00
  9.3333333E+00    5.0000000E+00    7.5000000E+00
  9.3333333E+00    5.0000000E+00    8.7500000E+00
  8.0000000E+00    5.0000000E+00    1.2500000E+00
  8.0000000E+00    5.0000000E+00    2.5000000E+00
  8.0000000E+00    5.0000000E+00    3.7500000E+00
  8.0000000E+00    5.0000000E+00    5.0000000E+00
  8.0000000E+00    5.0000000E+00    6.2500000E+00
  8.0000000E+00    5.0000000E+00    7.5000000E+00
  8.0000000E+00    5.0000000E+00    8.7500000E+00
  6.6666667E+00    5.0000000E+00    1.2500000E+00
  6.6666667E+00    5.0000000E+00    2.5000000E+00
  6.6666667E+00    5.0000000E+00    3.7500000E+00
  6.6666667E+00    5.0000000E+00    5.0000000E+00
  6.6666667E+00    5.0000000E+00    6.2500000E+00
  6.6666667E+00    5.0000000E+00    7.5000000E+00
  6.6666667E+00    5.0000000E+00    8.7500000E+00
  5.3333333E+00    5.0000000E+00    1.2500000E+00
  5.3333333E+00    5.0000000E+00    2.5000000E+00
  5.3333333E+00    5.0000000E+00    3.7500000E+00
  5.3333333E+00    5.0000000E+00    5.0000000E+00
  5.3333333E+00    5.0000000E+00    6.2500000E+00
  5.3333333E+00    5.0000000E+00    7.5000000E+00
  5.3333333E+00    5.0000000E+00    8.7500000E+00
  4.0000000E+00    5.0000000E+00    1.2500000E+00
  4.0000000E+00    5.0000000E+00    2.5000000E+00
  4.0000000E+00    5.0000000E+00    3.7500000E+00
  4.0000000E+00    5.0000000E+00    5.0000000E+00
  4.0000000E+00    5.0000000E+00    6.2500000E+00
  4.0000000E+00    5.0000000E+00    7.5000000E+00
  4.0000000E+00    5.0000000E+00    8.7500000E+00
  2.6666667E+00    5.0000000E+00    1.2500000E+00
  2.6666667E+00    5.0000000E+00    2.5000000E+00
  2.6666667E+00    5.0000000E+00    3.7500000E+00
  2.6666667E+00    5.0000000E+00    5.0000000E+00
  2.6666667E+00    5.0000000E+00    6.2500000E+00
  2.6666667E+00    5.0000000E+00    7.5000000E+00
  2.6666667E+00    5.0000000E+00    8.7500000E+00
  1.3333333E+00    5.0000000E+00    1.2500000E+00
  1.3333333E+00    5.0000000E+00    2.5000000E+00
  1.3333333E+00    5.0000000E+00    3.7500000E+00
  1.3333333E+00    5.0000000E+00    5.0000000E+00
  1.3333333E+00    5.0000000E+00    6.2500000E+00
  1.3333333E+00    5.0000000E+00    7.5000000E+00
  1.3333333E+00    5.0000000E+00    8.7500000E+00
  1.8666667E+01    6.2500000E+00    1.2500000E+00
  1.8666667E+01    6.2500000E+00    2.5000000E+00
  1.8666667E+01    6.2500000E+00    3.7500000E+00
  1.8666667E+01    6.2500000E+00    5.0000000E+00
  1.8666667E+01    6.2500000E+00    6.2500000E+00
  1.8666667E+01    6.2500000E+00    7.5000000E+00
  1.8666667E+01    6.2500000E+00    8.7500000E+00
  1.7333333E+01    6.2500000E+00    1.2500000E+00
  1.7333333E+01    6.2500000E+00    2.5000000E+00
  1.7333333E+01    6.2500000E+00    3.7500000E+00
  1.7333333E+01    6.2500000E+00    5.0000000E+00
  1.7333333E+01    6.2500000E+00    6.2500000E+00
  1.7333333E+01    6.2500000E+00    7.5000000E+00
  1.7333333E+01    6.2500000E+00    8.7500000E+00
  1.6000000E+01    6.2500000E+00    1.2500000E+00
  1.6000000E+01    6.2500000E+00    2.5000000E+00
  1.6000000E+01    6.2500000E+00    3.7500000E+00
  1.6000000E+01    6.2500000E+00    5.0000000E+00
  1.6000000E+01    6.2500000E+00    6.2500000E+00
  1.6000000E+01    6.2500000E+00    7.5000000E+00
  1.6000000E+01    6.2500000E+00    8.7500000E+00
  1.4666667E+01    6.2500000E+00    1.2500000E+00
  1.4666667E+01    6.2500000E+00    2.5000000E+00
  1.4666667E+01    6.2500000E+00    3.7500000E+00
  1.4666667E+01    6.2500000E+00    5.0000000E+00
  1.4666667E+01    6.2500000E+00    6.2500000E+00
  1.4666667E+01    6.2500000E+00    7.5000000E+00
  1.4666667E+01    6.2500000E+00    8.7500000E+00
  1.3333333E+01    6.2500000E+00    1.2500000E+00
  1.3333333E+01    6.2500000E+00    2.5000000E+00
  1.3333333E+01    6.2500000E+00    3.7500000E+00
  1.3333333E+01    6.2500000E+00    5.0000000E+00
  1.3333333E+01    6.2500000E+00    6.2500000E+00
  1.3333333E+01    6.2500000E+00    7.5000000E+00
  1.3333333E+01    6.2500000E+00    8.7500000E+00
  1.2000000E+01    6.2500000E+00    1.2500000E+00
  1.2000000E+01    6.2500000E+00    2.5000000E+00
  1.2000000E+01    6.2500000E+00    3.7500000E+00
  1.2000000E+01    6.2500000E+00    5.0000000E+00
  1.2000000E+01    6.2500000E+00    6.2500000E+00
  1.2000000E+01    6.2500000E+00    7.5000000E+00
  1.2000000E+01    6.2500000E+00    8.7500000E+00
  1.0666667E+01    6.2500000E+00    1.2500000E+00
  1.0666667E+01    6.2500000E+00    2.5000000E+00
  1.0666667E+01    6.2500000E+00    3.7500000E+00
  1.0666667E+01    6.2500000E+00    5.0000000E+00
  1.0666667E+01    6.2500000E+00    6.2500000E+00
  1.0666667E+01    6.2500000E+00    7.5000000E+00
  1.0666667E+01    6.2500000E+00    8.7500000E+00
  9.3333333E+00    6.2500000E+00    1.2500000E+00
  9.3333333E+00    6.2500000E+00    2.5000000E+00
  9.3333333E+00    6.2500000E+00    3.7500000E+00
  9.3333333E+00    6.2500000E+00    5.0000000E+00
  9.3333333E+00    6.2500000E+00    6.2500000E+00
  9.3333333E+00    6.2500000E+00    7.5000000E+00
  9.3333333E+00    6.2500000E+00    8.7500000E+00
  8.0000000E+00    6.2500000E+00    1.2500000E+00
  8.0000000E+00    6.2500000E+00    2.5000000E+00
  8.0000000E+00    6.2500000E+00    3.7500000E+00
  8.0000000E+00    6.2500000E+00    5.0000000E+00
  8.0000000E+00    6.2500000E+00    6.2500000E+00
  8.0000000E+00    6.2500000E+00    7.5000000E+00
  8.0000000E+00    6.2500000E+00    8.7500000E+00
  6.6666667E+00    6.2500000E+00    1.2500000E+00
  6.6666667E+00    6.2500000E+00    2.5000000E+00
  6.6666667E+00    6.2500000E+00    3.7500000E+00
  6.6666667E+00    6.2500000E+00    5.0000000E+00
  6.6666667E+00    6.2500000E+00    6.2500000E+00
  6.6666667E+00    6.2500000E+00    7.5000000E+00
  6.6666667E+00    6.2500000E+00    8.7500000E+00
  5.3333333E+00    6.2500000E+00    1.2500000E+00
  5.3333333E+00    6.2500000E+00    2.5000000E+00
  5.3333333E+00    6.2500000E+00    3.7500000E+00
  5.3333333E+00    6.2500000E+00    5.0000000E+00
  5.3333333E+00    6.2500000E+00    6.2500000E+00
  5.3333333E+00    6.2500000E+00    7.5000000E+00
  5.3333333E+00    6.2500000E+00    8.7500000E+00
  4.0000000E+00    6.2500000E+00    1.2500000E+00
  4.0000000E+00    6.2500000E+00    2.5000000E+00
  4.0000000E+00    6.2500000E+00    3.7500000E+00
  4.0000000E+00    6.2500000E+00    5.0000000E+00
  4.0000000E+00    6.2500000E+00    6.2500000E+00
  4.0000000E+00    6.2500000E+00    7.5000000E+00
  4.0000000E+00    6.2500000E+00    8.7500000E+00
  2.6666667E+00    6.2500000E+00    1.2500000E+00
  2.6666667E+00    6.2500000E+00    2.5000000E+00
  2.6666667E+00    6.2500000E+00    3.7500000E+00
  2.6666667E+00    6.2500000E+00    5.0000000E+00
  2.6666667E+00    6.2500000E+00    6.2500000E+00
  2.6666667E+00    6.2500000E+00    7.5000000E+00
  2.6666667E+00    6.2500000E+00    8.7500000E+00
  1.3333333E+00    6.2500000E+00    1.2500000E+00
  1.3333333E+00    6.2500000E+00    2.5000000E+00
  1.3333333E+00    6.2500000E+00    3.7500000E+00
  1.3333333E+00    6.2500000E+00    5.0000000E+00
  1.3333333E+00    6.2500000E+00    6.2500000E+00
  1.3333333E+00    6.2500000E+00    7.5000000E+00
  1.3333333E+00    6.2500000E+00    8.7500000E+00
  1.8666667E+01    7.5000000E+00    1.2500000E+00
  1.8666667E+01    7.5000000E+00    2.5000000E+00
  1.8666667E+01    7.5000000E+00    3.7500000E+00
  1.8666667E+01    7.5000000E+00    5.0000000E+00
  1.8666667E+01    7.5000000E+00    6.2500000E+00
  1.8666667E+01    7.5000000E+00    7.5000000E+00
  1.8666667E+01    7.5000000E+00    8.7500000E+00
  1.7333333E+01    7.5000000E+00    1.2500000E+00
  1.7333333E+01    7.5000000E+00    2.5000000E+00
  1.7333333E+01    7.5000000E+00    3.7500000E+00
  1.7333333E+01    7.5000000E+00    5.0000000E+00
  1.7333333E+01    7.5000000E+00    6.2500000E+00
  1.7333333E+01    7.5000000E+00    7.5000000E+00
  1.7333333E+01    7.5000000E+00    8.7500000E+00
  1.6000000E+01    7.5000000E+00    1.2500000E+00
  1.6000000E+01    7.5000000E+00    2.5000000E+00
  1.6000000E+01    7.5000000E+00    3.7500000E+00
  1.6000000E+01    7.5000000E+00    5.0000000E+00
  1.6000000E+01    7.5000000E+00    6.2500000E+00
  1.6000000E+01    7.5000000E+00    7.5000000E+00
  1.6000000E+01    7.5000000E+00    8.7500000E+00
  1.4666667E+01    7.5000000E+00    1.2500000E+00
  1.4666667E+01    7.5000000E+00    2.5000000E+00
  1.4666667E+01    7.5000000E+00    3.7500000E+00
  1.4666667E+01    7.5000000E+00    5.0000000E+00
  1.4666667E+01    7.5000000E+00    6.2500000E+00
  1.4666667E+01    7.5000000E+00    7.5000000E+00
  1.4666667E+01    7.5000000E+00    8.7500000E+00
  1.3333333E+01    7.5000000E+00    1.2500000E+00
  1.3333333E+01    7.5000000E+00    2.5000000E+00
  1.3333333E+01    7.5000000E+00    3.7500000E+00
  1.3333333E+01    7.5000000E+00    5.0000000E+00
  1.3333333E+01    7.5000000E+00    6.2500000E+00
  1.3333333E+01    7.5000000E+00    7.5000000E+00
  1.3333333E+01    7.5000000E+00    8.7500000E+00
  1.2000000E+01    7.5000000E+00    1.2500000E+00
  1.2000000E+01    7.5000000E+00    2.5000000E+00
  1.2000000E+01    7.5000000E+00    3.7500000E+00
  1.2000000E+01    7.5000000E+00    5.0000000E+00
  1.2000000E+01    7.5000000E+00    6.2500000E+00
  1.2000000E+01    7.5000000E+00    7.5000000E+00
  1.2000000E+01    7.5000000E+00    8.7500000E+00
  1.0666667E+01    7.5000000E+00    1.2500000E+00
  1.0666667E+01    7.5000000E+00    2.5000000E+00
  1.0666667E+01    7.5000000E+00    3.7500000E+00
  1.0666667E+01    7.5000000E+00    5.0000000E+00
  1.0666667E+01    7.5000000E+00    6.2500000E+00
  1.0666667E+01    7.5000000E+00    7.5000000E+00
  1.0666667E+01    7.5000000E+00    8.7500000E+00
  9.3333333E+00    7.5000000E+00    1.2500000E+00
  9.3333333E+00    7.5000000E+00    2.5000000E+00
  9.3333333E+00    7.5000000E+00    3.7500000E+00
  9.3333333E+00    7.5000000E+00    5.0000000E+00
  9.3333333E+00    7.5000000E+00    6.2500000E+00
  9.3333333E+00    7.5000000E+00    7.5000000E+00
  9.3333333E+00    7.5000000E+00    8.7500000E+00
  8.0000000E+00    7.5000000E+00    1.2500000E+00
  8.0000000E+00    7.5000000E+00    2.5000000E+00
  8.0000000E+00    7.5000000E+00    3.7500000E+00
  8.0000000E+00    7.5000000E+00    5.0000000E+00
  8.0000000E+00    7.5000000E+00    6.2500000E+00
  8.0000000E+00    7.5000000E+00    7.5000000E+00
  8.0000000E+00    7.5000000E+00    8.7500000E+00
  6.6666667E+00    7.5000000E+00    1.2500000E+00
  6.6666667E+00    7.5000000E+00    2.5000000E+00
  6.6666667E+00    7.5000000E+00    3.7500000E+00
  6.6666667E+00    7.5000000E+00    5.0000000E+00
  6.6666667E+00    7.5000000E+00    6.2500000E+00
  6.6666667E+00    7.5000000E+00    7.5000000E+00
  6.6666667E+00    7.5000000E+00    8.7500000E+00
  5.3333333E+00    7.5000000E+00    1.2500000E+00
  5.3333333E+00    7.5000000E+00    2.5000000E+00
  5.3333333E+00    7.5000000E+00    3.7500000E+00
  5.3333333E+00    7.5000000E+00    5.0000000E+00
  5.3333333E+00    7.5000000E+00    6.2500000E+00
  5.3333333E+00    7.5000000E+00    7.5000000E+00
  5.3333333E+00    7.5000000E+00    8.7500000E+00
  4.0000000E+00    7.5000000E+00    1.2500000E+00
  4.0000000E+00    7.5000000E+00    2.5000000E+00
  4.0000000E+00    7.5000000E+00    3.7500000E+00
  4.0000000E+00    7.5000000E+00    5.0000000E+00
  4.0000000E+00    7.5000000E+00    6.2500000E+00
  4.0000000E+00    7.5000000E+00    7.5000000E+00
  4.0000000E+00    7.5000000E+00    8.7500000E+00
  2.6666667E+00    7.5000000E+00    1.2500000E+00
  2.6666667E+00    7.5000000E+00    2.5000000E+00
  2.6666667E+00    7.5000000E+00    3.7500000E+00
  2.6666667E+00    7.5000000E+00    5.0000000E+00
  2.6666667E+00    7.5000000E+00    6.2500000E+00
  2.6666667E+00    7.5000000E+00    7.5000000E+00
  2.6666667E+00    7.5000000E+00    8.7500000E+00
  1.3333333E+00    7.5000000E+00    1.2500000E+00
  1.3333333E+00    7.5000000E+00    2.5000000E+00
  1.3333333E+00    7.5000000E+00    3.7500000E+00
  1.3333333E+00    7.5000000E+00    5.0000000E+00
  1.3333333E+00    7.5000000E+00    6.2500000E+00
  1.3333333E+00    7.5000000E+00    7.5000000E+00
  1.3333333E+00    7.5000000E+00    8.7500000E+00
  1.8666667E+01    8.7500000E+00    1.2500000E+00
  1.8666667E+01    8.7500000E+00    2.5000000E+00
  1.8666667E+01    8.7500000E+00    3.7500000E+00
  1.8666667E+01    8.7500000E+00    5.0000000E+00
  1.8666667E+01    8.7500000E+00    6.2500000E+00
  1.8666667E+01    8.7500000E+00    7.5000000E+00
  1.8666667E+01    8.7500000E+00    8.7500000E+00
  1.7333333E+01    8.7500000E+00    1.2500000E+00
  1.7333333E+01    8.7500000E+00    2.5000000E+00
  1.7333333E+01    8.7500000E+00    3.7500000E+00
  1.7333333E+01    8.7500000E+00    5.0000000E+00
  1.7333333E+01    8.7500000E+00    6.2500000E+00
  1.7333333E+01    8.7500000E+00    7.5000000E+00
  1.7333333E+01    8.7500000E+00    8.7500000E+00
  1.6000000E+01    8.7500000E+00    1.2500000E+00
  1.6000000E+01    8.7500000E+00    2.5000000E+00
  1.6000000E+01    8.7500000E+00    3.7500000E+00
  1.6000000E+01    8.7500000E+00    5.0000000E+00
  1.6000000E+01    8.7500000E+00    6.2500000E+00
  1.6000000E+01    8.7500000E+00    7.5000000E+00
  1.6000000E+01    8.7500000E+00    8.7500000E+00
  1.4666667E+01    8.7500000E+00    1.2500000E+00
  1.4666667E+01    8.7500000E+00    2.5000000E+00
  1.4666667E+01    8.7500000E+00    3.7500000E+00
  1.4666667E+01    8.7500000E+00    5.0000000E+00
  1.4666667E+01    8.7500000E+00    6.2500000E+00
  1.4666667E+01    8.7500000E+00    7.5000000E+00
  1.4666667E+01    8.7500000E+00    8.7500000E+00
  1.3333333E+01    8.7500000E+00    1.2500000E+00
  1.3333333E+01    8.7500000E+00    2.5000000E+00
  1.3333333E+01    8.7500000E+00    3.7500000E+00
  1.3333333E+01    8.7500000E+00    5.0000000E+00
  1.3333333E+01    8.7500000E+00    6.2500000E+00
  1.3333333E+01    8.7500000E+00    7.5000000E+00
  1.3333333E+01    8.7500000E+00    8.7500000E+00
  1.2000000E+01    8.7500000E+00    1.2500000E+00
  1.2000000E+01    8.7500000E+00    2.5000000E+00
  1.2000000E+01    8.7500000E+00    3.7500000E+00
  1.2000000E+01    8.7500000E+00    5.0000000E+00
  1.2000000E+01    8.7500000E+00    6.2500000E+00
  1.2000000E+01    8.7500000E+00    7.5000000E+00
  1.2000000E+01    8.7500000E+00    8.7500000E+00
  1.0666667E+01    8.7500000E+00    1.2500000E+00
  1.0666667E+01    8.7500000E+00    2.5000000E+00
  1.0666667E+01    8.7500000E+00    3.7500000E+00
  1.0666667E+01    8.7500000E+00    5.0000000E+00
  1.0666667E+01    8.7500000E+00    6.2500000E+00
  1.0666667E+01    8.7500000E+00    7.5000000E+00
  1.0666667E+01    8.7500000E+00    8.7500000E+00
  9.3333333E+00    8.7500000E+00    1.2500000E+00
  9.3333333E+00    8.7500000E+00    2.5000000E+00
  9.3333333E+00    8.7500000E+00    3.7500000E+00
  9.3333333E+00    8.7500000E+00    5.0000000E+00
  9.3333333E+00    8.7500000E+00    6.2500000E+00
  9.3333333E+00    8.7500000E+00    7.5000000E+00
  9.3333333E+00    8.7500000E+00    8.7500000E+00
  8.0000000E+00    8.7500000E+00    1.2500000E+00
  8.0000000E+00    8.7500000E+00    2.5000000E+00
  8.0000000E+00    8.7500000E+00    3.7500000E+00
  8.0000000E+00    8.7500000E+00    5.0000000E+00
  8.0000000E+00    8.7500000E+00    6.2500000E+00
  8.0000000E+00    8.7500000E+00    7.5000000E+00
  8.0000000E+00    8.7500000E+00    8.7500000E+00
  6.6666667E+00    8.7500000E+00    1.2500000E+00
  6.6666667E+00    8.7500000E+00    2.5000000E+00
  6.6666667E+00    8.7500000E+00    3.7500000E+00
  6.6666667E+00    8.7500000E+00    5.0000000E+00
  6.6666667E+00    8.7500000E+00    6.2500000E+00
  6.6666667E+00    8.7500000E+00    7.5000000E+00
  6.6666667E+00    8.7500000E+00    8.7500000E+00
  5.3333333E+00    8.7500000E+00    1.2500000E+00
  5.3333333E+00    8.7500000E+00    2.5000000E+00
  5.3333333E+00    8.7500000E+00    3.7500000E+00
  5.3333333E+00    8.7500000E+00    5.0000000E+00
  5.3333333E+00    8.7500000E+00    6.2500000E+00
  5.3333333E+00    8.7500000E+00    7.5000000E+00
  5.3333333E+00    8.7500000E+00    8.7500000E+00
  4.0000000E+00    8.7500000E+00    1.2500000E+00
  4.0000000E+00    8.7500000E+00    2.5000000E+00
  4.0000000E+00    8.7500000E+00    3.7500000E+00
  4.0000000E+00    8.7500000E+00    5.0000000E+00
  4.0000000E+00    8.7500000E+00    6.2500000E+00
  4.0000000E+00    8.7500000E+00    7.5000000E+00
  4.0000000E+00    8.7500000E+00    8.7500000E+00
  2.6666667E+00    8.7500000E+00    1.2500000E+00
  2.6666667E+00    8.7500000E+00    2.5000000E+00
  2.6666667E+00    8.7500000E+00    3.7500000E+00
  2.6666667E+00    8.7500000E+00    5.0000000E+00
  2.6666667E+00    8.7500000E+00    6.2500000E+00
  2.6666667E+00    8.7500000E+00    7.5000000E+00
  2.6666667E+00    8.7500000E+00    8.7500000E+00
  1.3333333E+00    8.7500000E+00    1.2500000E+00
  1.3333333E+00    8.7500000E+00    2.5000000E+00
  1.3333333E+00    8.7500000E+00    3.7500000E+00
  1.3333333E+00    8.7500000E+00    5.0000000E+00
  1.3333333E+00    8.7500000E+00    6.2500000E+00
  1.3333333E+00    8.7500000E+00    7.5000000E+00
  1.3333333E+00    8.7500000E+00    8.7500000E+00
  1.8666667E+01    1.0000000E+01    1.2500000E+00
  1.8666667E+01    1.0000000E+01    2.5000000E+00
  1.8666667E+01    1.0000000E+01    3.7500000E+00
  1.8666667E+01    1.0000000E+01    5.0000000E+00
  1.8666667E+01    1.0000000E+01    6.2500000E+00
  1.8666667E+01    1.0000000E+01    7.5000000E+00
  1.8666667E+01    1.0000000E+01    8.7500000E+00
  1.7333333E+01    1.0000000E+01    1.2500000E+00
  1.7333333E+01    1.0000000E+01    2.5000000E+00
  1.7333333E+01    1.0000000E+01    3.7500000E+00
  1.7333333E+01    1.0000000E+01    5.0000000E+00
  1.7333333E+01    1.0000000E+01    6.2500000E+00
  1.7333333E+01    1.0000000E+01    7.5000000E+00
  1.7333333E+01    1.0000000E+01    8.7500000E+00
  1.6000000E+01    1.0000000E+01    1.2500000E+00
  1.6000000E+01    1.0000000E+01    2.5000000E+00
  1.6000000E+01    1.0000000E+01    3.7500000E+00
  1.6000000E+01    1.0000000E+01    5.0000000E+00
  1.6000000E+01    1.0000000E+01    6.2500000E+00
  1.6000000E+01    1.0000000E+01    7.5000000E+00
  1.6000000E+01    1.0000000E+01    8.7500000E+00
  1.4666667E+01    1.0000000E+01    1.2500000E+00
  1.4666667E+01    1.0000000E+01    2.5000000E+00
  1.4666667E+01    1.0000000E+01    3.7500000E+00
  1.4666667E+01    1.0000000E+01    5.0000000E+00
  1.4666667E+01    1.0000000E+01    6.2500000E+00
  1.4666667E+01    1.0000000E+01    7.5000000E+00
  1.4666667E+01    1.0000000E+01    8.7500000E+00
  1.3333333E+01    1.0000000E+01    1.2500000E+00
  1.3333333E+01    1.0000000E+01    2.5000000E+00
  1.3333333E+01    1.0000000E+01    3.7500000E+00
  1.3333333E+01    1.0000000E+01    5.0000000E+00
  1.3333333E+01    1.0000000E+01    6.2500000E+00
  1.3333333E+01    1.0000000E+01    7.5000000E+00
  1.3333333E+01    1.0000000E+01    8.7500000E+00
  1.2000000E+01    1.0000000E+01    1.2500000E+00
  1.2000000E+01    1.0000000E+01    2.5000000E+00
  1.2000000E+01    1.0000000E+01    3.7500000E+00
  1.2000000E+01    1.0000000E+01    5.0000000E+00
  1.2000000E+01    1.0000000E+01    6.2500000E+00
  1.2000000E+01    1.0000000E+01    7.5000000E+00
  1.2000000E+01    1.0000000E+01    8.7500000E+00
  1.0666667E+01    1.0000000E+01    1.2500000E+00
  1.0666667E+01    1.0000000E+01    2.5000000E+00
  1.0666667E+01    1.0000000E+01    3.7500000E+00
  1.0666667E+01    1.0000000E+01    5.0000000E+00
  1.0666667E+01    1.0000000E+01    6.2500000E+00
  1.0666667E+01    1.0000000E+01    7.5000000E+00
  1.0666667E+01    1.0000000E+01    8.7500000E+00
  9.3333333E+00    1.0000000E+01    1.2500000E+00
  9.3333333E+00    1.0000000E+01    2.5000000E+00
  9.3333333E+00    1.0000000E+01    3.7500000E+00
  9.3333333E+00    1.0000000E+01    5.0000000E+00
  9.3333333E+00    1.0000000E+01    6.2500000E+00
  9.3333333E+00    1.0000000E+01    7.5000000E+00
  9.3333333E+00    1.0000000E+01    8.7500000E+00
  8.0000000E+00    1.0000000E+01    1.2500000E+00
  8.0000000E+00    1.0000000E+01    2.5000000E+00
  8.0000000E+00    1.0000000E+01    3.7500000E+00
  8.0000000E+00    1.0000000E+01    5.0000000E+00
  8.0000000E+00    1.0000000E+01    6.2500000E+00
  8.0000000E+00    1.0000000E+01    7.5000000E+00
  8.0000000E+00    1.0000000E+01    8.7500000E+00
  6.6666667E+00    1.0000000E+01    1.2500000E+00
  6.6666667E+00    1.0000000E+01    2.5000000E+00
  6.6666667E+00    1.0000000E+01    3.7500000E+00
  6.6666667E+00    1.0000000E+01    5.0000000E+00
  6.6666667E+00    1.0000000E+01    6.2500000E+00
  6.6666667E+00    1.0000000E+01    7.5000000E+00
  6.6666667E+00    1.0000000E+01    8.7500000E+00
  5.3333333E+00    1.0000000E+01    1.2500000E+00
  5.3333333E+00    1.0000000E+01    2.5000000E+00
  5.3333333E+00    1.0000000E+01    3.7500000E+00
  5.3333333E+00    1.0000000E+01    5.0000000E+00
  5.3333333E+00    1.0000000E+01    6.2500000E+00
  5.3333333E+00    1.0000000E+01    7.5000000E+00
  5.3333333E+00    1.0000000E+01    8.7500000E+00
  4.0000000E+00    1.0000000E+01    1.2500000E+00
  4.0000000E+00    1.0000000E+01    2.5000000E+00
  4.0000000E+00    1.0000000E+01    3.7500000E+00
  4.0000000E+00    1.0000000E+01    5.0000000E+00
  4.0000000E+00    1.0000000E+01    6.2500000E+00
  4.0000000E+00    1.0000000E+01    7.5000000E+00
  4.0000000E+00    1.0000000E+01    8.7500000E+00
  2.6666667E+00    1.0000000E+01    1.2500000E+00
  2.6666667E+00    1.0000000E+01    2.5000000E+00
  2.6666667E+00    1.0000000E+01    3.7500000E+00
  2.6666667E+00    1.0000000E+01    5.0000000E+00
  2.6666667E+00    1.0000000E+01    6.2500000E+00
  2.6666667E+00    1.0000000E+01    7.5000000E+00
  2.6666667E+00    1.0000000E+01    8.7500000E+00
  1.3333333E+00    1.0000000E+01    1.2500000E+00
  1.3333333E+00    1.0000000E+01    2.5000000E+00
  1.3333333E+00    1.0000000E+01    3.7500000E+00
  1.3333333E+00    1.0000000E+01    5.0000000E+00
  1.3333333E+00    1.0000000E+01    6.2500000E+00
  1.3333333E+00    1.0000000E+01    7.5000000E+00
  1.3333333E+00    1.0000000E+01    8.7500000E+00
  1.8666667E+01    1.1250000E+01    1.2500000E+00
  1.8666667E+01    1.1250000E+01    2.5000000E+00
  1.8666667E+01    1.1250000E+01    3.7500000E+00
  1.8666667E+01    1.1250000E+01    5.0000000E+00
  1.8666667E+01    1.1250000E+01    6.2500000E+00
  1.8666667E+01    1.1250000E+01    7.5000000E+00
  1.8666667E+01    1.1250000E+01    8.7500000E+00
  1.7333333E+01    1.1250000E+01    1.2500000E+00
  1.7333333E+01    1.1250000E+01    2.5000000E+00
  1.7333333E+01    1.1250000E+01    3.7500000E+00
  1.7333333E+01    1.1250000E+01    5.0000000E+00
  1.7333333E+01    1.1250000E+01    6.2500000E+00
  1.7333333E+01    1.1250000E+01    7.5000000E+00
  1.7333333E+01    1.1250000E+01    8.7500000E+00
  1.6000000E+01    1.1250000E+01    1.2500000E+00
  1.6000000E+01    1.1250000E+01    2.5000000E+00
  1.6000000E+01    1.1250000E+01    3.7500000E+00
  1.6000000E+01    1.1250000E+01    5.0000000E+00
  1.6000000E+01    1.1250000E+01    6.2500000E+00
  1.6000000E+01    1.1250000E+01    7.5000000E+00
  1.6000000E+01    1.1250000E+01    8.7500000E+00
  1.4666667E+01    1.1250000E+01    1.2500000E+00
  1.4666667E+01    1.1250000E+01    2.5000000E+00
  1.4666667E+01    1.1250000E+01    3.7500000E+00
  1.4666667E+01    1.1250000E+01    5.0000000E+00
  1.4666667E+01    1.1250000E+01    6.2500000E+00
  1.4666667E+01    1.1250000E+01    7.5000000E+00
  1.4666667E+01    1.1250000E+01    8.7500000E+00
  1.3333333E+01    1.1250000E+01    1.2500000E+00
  1.3333333E+01    1.1250000E+01    2.5000000E+00
  1.3333333E+01    1.1250000E+01    3.7500000E+00
  1.3333333E+01    1.1250000E+01    5.0000000E+00
  1.3333333E+01    1.1250000E+01    6.2500000E+00
  1.3333333E+01    1.1250000E+01    7.5000000E+00
  1.3333333E+01    1.1250000E+01    8.7500000E+00
  1.2000000E+01    1.1250000E+01    1.2500000E+00
  1.2000000E+01    1.1250000E+01    2.5000000E+00
  1.2000000E+01    1.1250000E+01    3.7500000E+00
  1.2000000E+01    1.1250000E+01    5.0000000E+00
  1.2000000E+01    1.1250000E+01    6.2500000E+00
  1.2000000E+01    1.1250000E+01    7.5000000E+00
  1.2000000E+01    1.1250000E+01    8.7500000E+00
  1.0666667E+01    1.1250000E+01    1.2500000E+00
  1.0666667E+01    1.1250000E+01    2.5000000E+00
  1.0666667E+01    1.1250000E+01    3.7500000E+00
  1.0666667E+01    1.1250000E+01    5.0000000E+00
  1.0666667E+01    1.1250000E+01    6.2500000E+00
  1.0666667E+01    1.1250000E+01    7.5000000E+00
  1.0666667E+01    1.1250000E+01    8.7500000E+00
  9.3333333E+00    1.1250000E+01    1.2500000E+00
  9.3333333E+00    1.1250000E+01    2.5000000E+00
  9.3333333E+00    1.1250000E+01    3.7500000E+00
  9.3333333E+00    1.1250000E+01    5.0000000E+00
  9.3333333E+00    1.1250000E+01    6.2500000E+00
  9.3333333E+00    1.1250000E+01    7.5000000E+00
  9.3333333E+00    1.1250000E+01    8.7500000E+00
  8.0000000E+00    1.1250000E+01    1.2500000E+00
  8.0000000E+00    1.1250000E+01    2.5000000E+00
  8.0000000E+00    1.1250000E+01    3.7500000E+00
  8.0000000E+00    1.1250000E+01    5.0000000E+00
  8.0000000E+00    1.1250000E+01    6.2500000E+00
  8.0000000E+00    1.1250000E+01    7.5000000E+00
  8.0000000E+00    1.1250000E+01    8.7500000E+00
  6.6666667E+00    1.1250000E+01    1.2500000E+00
  6.6666667E+00    1.1250000E+01    2.5000000E+00
  6.6666667E+00    1.1250000E+01    3.7500000E+00
  6.6666667E+00    1.1250000E+01    5.0000000E+00
  6.6666667E+00    1.1250000E+01    6.2500000E+00
  6.6666667E+00    1.1250000E+01    7.5000000E+00
  6.6666667E+00    1.1250000E+01    8.7500000E+00
  5.3333333E+00    1.1250000E+01    1.2500000E+00
  5.3333333E+00    1.1250000E+01    2.5000000E+00
  5.3333333E+00    1.1250000E+01    3.7500000E+00
  5.3333333E+00    1.1250000E+01    5.0000000E+00
  5.3333333E+00    1.1250000E+01    6.2500000E+00
  5.3333333E+00    1.1250000E+01    7.5000000E+00
  5.3333333E+00    1.1250000E+01    8.7500000E+00
  4.0000000E+00    1.1250000E+01    1.2500000E+00
  4.0000000E+00    1.1250000E+01    2.5000000E+00
  4.0000000E+00    1.1250000E+01    3.7500000E+00
  4.0000000E+00    1.1250000E+01    5.0000000E+00
  4.0000000E+00    1.1250000E+01    6.2500000E+00
  4.0000000E+00    1.1250000E+01    7.5000000E+00
  4.0000000E+00    1.1250000E+01    8.7500000E+00
  2.6666667E+00    1.1250000E+01    1.2500000E+00
  2.6666667E+00    1.1250000E+01    2.5000000E+00
  2.6666667E+00    1.1250000E+01    3.7500000E+00
  2.6666667E+00    1.1250000E+01    5.0000000E+00
  2.6666667E+00    1.1250000E+01    6.2500000E+00
  2.6666667E+00    1.1250000E+01    7.5000000E+00
  2.6666667E+00    1.1250000E+01    8.7500000E+00
  1.3333333E+00    1.1250000E+01    1.2500000E+00
  1.3333333E+00    1.1250000E+01    2.5000000E+00
  1.3333333E+00    1.1250000E+01    3.7500000E+00
  1.3333333E+00    1.1250000E+01    5.0000000E+00
  1.3333333E+00    1.1250000E+01    6.2500000E+00
  1.3333333E+00    1.1250000E+01    7.5000000E+00
  1.3333333E+00    1.1250000E+01    8.7500000E+00
  1.8666667E+01    1.2500000E+01    1.2500000E+00
  1.8666667E+01    1.2500000E+01    2.5000000E+00
  1.8666667E+01    1.2500000E+01    3.7500000E+00
  1.8666667E+01    1.2500000E+01    5.0000000E+00
  1.8666667E+01    1.2500000E+01    6.2500000E+00
  1.8666667E+01    1.2500000E+01    7.5000000E+00
  1.8666667E+01    1.2500000E+01    8.7500000E+00
  1.7333333E+01    1.2500000E+01    1.2500000E+00
  1.7333333E+01    1.2500000E+01    2.5000000E+00
  1.7333333E+01    1.2500000E+01    3.7500000E+00
  1.7333333E+01    1.2500000E+01    5.0000000E+00
  1.7333333E+01    1.2500000E+01    6.2500000E+00
  1.7333333E+01    1.2500000E+01    7.5000000E+00
  1.7333333E+01    1.2500000E+01    8.7500000E+00
  1.6000000E+01    1.2500000E+01    1.2500000E+00
  1.6000000E+01    1.2500000E+01    2.5000000E+00
  1.6000000E+01    1.2500000E+01    3.7500000E+00
  1.6000000E+01    1.2500000E+01    5.0000000E+00
  1.6000000E+01    1.2500000E+01    6.2500000E+00
  1.6000000E+01    1.2500000E+01    7.5000000E+00
  1.6000000E+01    1.2500000E+01    8.7500000E+00
  1.4666667E+01    1.2500000E+01    1.2500000E+00
  1.4666667E+01    1.2500000E+01    2.5000000E+00
  1.4666667E+01    1.2500000E+01    3.7500000E+00
  1.4666667E+01    1.2500000E+01    5.0000000E+00
  1.4666667E+01    1.2500000E+01    6.2500000E+00
  1.4666667E+01    1.2500000E+01    7.5000000E+00
  1.4666667E+01    1.2500000E+01    8.7500000E+00
  1.3333333E+01    1.2500000E+01    1.2500000E+00
  1.3333333E+01    1.2500000E+01    2.5000000E+00
  1.3333333E+01    1.2500000E+01    3.7500000E+00
  1.3333333E+01    1.2500000E+01    5.0000000E+00
  1.3333333E+01    1.2500000E+01    6.2500000E+00
  1.3333333E+01    1.2500000E+01    7.5000000E+00
  1.3333333E+01    1.2500000E+01    8.7500000E+00
  1.2000000E+01    1.2500000E+01    1.2500000E+00
  1.2000000E+01    1.2500000E+01    2.5000000E+00
  1.2000000E+01    1.2500000E+01    3.7500000E+00
  1.2000000E+01    1.2500000E+01    5.0000000E+00
  1.2000000E+01    1.2500000E+01    6.2500000E+00
  1.2000000E+01    1.2500000E+01    7.5000000E+00
  1.2000000E+01    1.2500000E+01    8.7500000E+00
  1.0666667E+01    1.2500000E+01    1.2500000E+00
  1.0666667E+01    1.2500000E+01    2.5000000E+00
  1.0666667E+01    1.2500000E+01    3.7500000E+00
  1.0666667E+01    1.2500000E+01    5.0000000E+00
  1.0666667E+01    1.2500000E+01    6.2500000E+00
  1.0666667E+01    1.2500000E+01    7.5000000E+00
  1.0666667E+01    1.2500000E+01    8.7500000E+00
  9.3333333E+00    1.2500000E+01    1.2500000E+00
  9.3333333E+00    1.2500000E+01    2.5000000E+00
  9.3333333E+00    1.2500000E+01    3.7500000E+00
  9.3333333E+00    1.2500000E+01    5.0000000E+00
  9.3333333E+00    1.2500000E+01    6.2500000E+00
  9.3333333E+00    1.2500000E+01    7.5000000E+00
  9.3333333E+00    1.2500000E+01    8.7500000E+00
  8.0000000E+00    1.2500000E+01    1.2500000E+00
  8.0000000E+00    1.2500000E+01    2.5000000E+00
  8.0000000E+00    1.2500000E+01    3.7500000E+00
  8.0000000E+00    1.2500000E+01    5.0000000E+00
  8.0000000E+00    1.2500000E+01    6.2500000E+00
  8.0000000E+00    1.2500000E+01    7.5000000E+00
  8.0000000E+00    1.2500000E+01    8.7500000E+00
  6.6666667E+00    1.2500000E+01    1.2500000E+00
  6.6666667E+00    1.2500000E+01    2.5000000E+00
  6.6666667E+00    1.2500000E+01    3.7500000E+00
  6.6666667E+00    1.2500000E+01    5.0000000E+00
  6.6666667E+00    1.2500000E+01    6.2500000E+00
  6.6666667E+00    1.2500000E+01    7.5000000E+00
  6.6666667E+00    1.2500000E+01    8.7500000E+00
  5.3333333E+00    1.2500000E+01    1.2500000E+00
  5.3333333E+00    1.2500000E+01    2.5000000E+00
  5.3333333E+00    1.2500000E+01    3.7500000E+00
  5.3333333E+00    1.2500000E+01    5.0000000E+00
  5.3333333E+00    1.2500000E+01    6.2500000E+00
  5.3333333E+00    1.2500000E+01    7.5000000E+00
  5.3333333E+00    1.2500000E+01    8.7500000E+00
  4.0000000E+00    1.2500000E+01    1.2500000E+00
  4.0000000E+00    1.2500000E+01    2.5000000E+00
  4.0000000E+00    1.2500000E+01    3.7500000E+00
  4.0000000E+00    1.2500000E+01    5.0000000E+00
  4.0000000E+00    1.2500000E+01    6.2500000E+00
  4.0000000E+00    1.2500000E+01    7.5000000E+00
  4.0000000E+00    1.2500000E+01    8.7500000E+00
  2.6666667E+00    1.2500000E+01    1.2500000E+00
  2.6666667E+00    1.2500000E+01    2.5000000E+00
  2.6666667E+00    1.2500000E+01    3.7500000E+00
  2.6666667E+00    1.2500000E+01    5.0000000E+00
  2.6666667E+00    1.2500000E+01    6.2500000E+00
  2.6666667E+00    1.2500000E+01    7.5000000E+00
  2.6666667E+00    1.2500000E+01    8.7500000E+00
  1.3333333E+00    1.2500000E+01    1.2500000E+00
  1.3333333E+00    1.2500000E+01    2.5000000E+00
  1.3333333E+00    1.2500000E+01    3.7500000E+00
  1.3333333E+00    1.2500000E+01    5.0000000E+00
  1.3333333E+00    1.2500000E+01    6.2500000E+00
  1.3333333E+00    1.2500000E+01    7.5000000E+00
  1.3333333E+00    1.2500000E+01    8.7500000E+00
  1.8666667E+01    1.3750000E+01    1.2500000E+00
  1.8666667E+01    1.3750000E+01    2.5000000E+00
  1.8666667E+01    1.3750000E+01    3.7500000E+00
  1.8666667E+01    1.3750000E+01    5.0000000E+00
  1.8666667E+01    1.3750000E+01    6.2500000E+00
  1.8666667E+01    1.3750000E+01    7.5000000E+00
  1.8666667E+01    1.3750000E+01    8.7500000E+00
  1.7333333E+01    1.3750000E+01    1.2500000E+00
  1.7333333E+01    1.3750000E+01    2.5000000E+00
  1.7333333E+01    1.3750000E+01    3.7500000E+00
  1.7333333E+01    1.3750000E+01    5.0000000E+00
  1.7333333E+01    1.3750000E+01    6.2500000E+00
  1.7333333E+01    1.3750000E+01    7.5000000E+00
  1.7333333E+01    1.3750000E+01    8.7500000E+00
  1.6000000E+01    1.3750000E+01    1.2500000E+00
  1.6000000E+01    1.3750000E+01    2.5000000E+00
  1.6000000E+01    1.3750000E+01    3.7500000E+00
  1.6000000E+01    1.3750000E+01    5.0000000E+00
  1.6000000E+01    1.3750000E+01    6.2500000E+00
  1.6000000E+01    1.3750000E+01    7.5000000E+00
  1.6000000E+01    1.3750000E+01    8.7500000E+00
  1.4666667E+01    1.3750000E+01    1.2500000E+00
  1.4666667E+01    1.3750000E+01    2.5000000E+00
  1.4666667E+01    1.3750000E+01    3.7500000E+00
  1.4666667E+01    1.3750000E+01    5.0000000E+00
  1.4666667E+01    1.3750000E+01    6.2500000E+00
  1.4666667E+01    1.3750000E+01    7.5000000E+00
  1.4666667E+01    1.3750000E+01    8.7500000E+00
  1.3333333E+01    1.3750000E+01    1.2500000E+00
  1.3333333E+01    1.3750000E+01    2.5000000E+00
  1.3333333E+01    1.3750000E+01    3.7500000E+00
  1.3333333E+01    1.3750000E+01    5.0000000E+00
  1.3333333E+01    1.3750000E+01    6.2500000E+00
  1.3333333E+01    1.3750000E+01    7.5000000E+00
  1.3333333E+01    1.3750000E+01    8.7500000E+00
  1.2000000E+01    1.3750000E+01    1.2500000E+00
  1.2000000E+01    1.3750000E+01    2.5000000E+00
  1.2000000E+01    1.3750000E+01    3.7500000E+00
  1.2000000E+01    1.3750000E+01    5.0000000E+00
  1.2000000E+01    1.3750000E+01    6.2500000E+00
  1.2000000E+01    1.3750000E+01    7.5000000E+00
  1.2000000E+01    1.3750000E+01    8.7500000E+00
  1.0666667E+01    1.3750000E+01    1.2500000E+00
  1.0666667E+01    1.3750000E+01    2.5000000E+00
  1.0666667E+01    1.3750000E+01    3.7500000E+00
  1.0666667E+01    1.3750000E+01    5.0000000E+00
  1.0666667E+01    1.3750000E+01    6.2500000E+00
  1.0666667E+01    1.3750000E+01    7.5000000E+00
  1.0666667E+01    1.3750000E+01    8.7500000E+00
  9.3333333E+00    1.3750000E+01    1.2500000E+00
  9.3333333E+00    1.3750000E+01    2.5000000E+00
  9.3333333E+00    1.3750000E+01    3.7500000E+00
  9.3333333E+00    1.3750000E+01    5.0000000E+00
  9.3333333E+00    1.3750000E+01    6.2500000E+00
  9.3333333E+00    1.3750000E+01    7.5000000E+00
  9.3333333E+00    1.3750000E+01    8.7500000E+00
  8.0000000E+00    1.3750000E+01    1.2500000E+00
  8.0000000E+00    1.3750000E+01    2.5000000E+00
  8.0000000E+00    1.3750000E+01    3.7500000E+00
  8.0000000E+00    1.3750000E+01    5.0000000E+00
  8.0000000E+00    1.3750000E+01    6.2500000E+00
  8.0000000E+00    1.3750000E+01    7.5000000E+00
  8.0000000E+00    1.3750000E+01    8.7500000E+00
  6.6666667E+00    1.3750000E+01    1.2500000E+00
  6.6666667E+00    1.3750000E+01    2.5000000E+00
  6.6666667E+00    1.3750000E+01    3.7500000E+00
  6.6666667E+00    1.3750000E+01    5.0000000E+00
  6.6666667E+00    1.3750000E+01    6.2500000E+00
  6.6666667E+00    1.3750000E+01    7.5000000E+00
  6.6666667E+00    1.3750000E+01    8.7500000E+00
  5.3333333E+00    1.3750000E+01    1.2500000E+00
  5.3333333E+00    1.3750000E+01    2.5000000E+00
  5.3333333E+00    1.3750000E+01    3.7500000E+00
  5.3333333E+00    1.3750000E+01    5.0000000E+00
  5.3333333E+00    1.3750000E+01    6.2500000E+00
  5.3333333E+00    1.3750000E+01    7.5000000E+00
  5.3333333E+00    1.3750000E+01    8.7500000E+00
  4.0000000E+00    1.3750000E+01    1.2500000E+00
  4.0000000E+00    1.3750000E+01    2.5000000E+00
  4.0000000E+00    1.3750000E+01    3.7500000E+00
  4.0000000E+00    1.3750000E+01    5.0000000E+00
  4.0000000E+00    1.3750000E+01    6.2500000E+00
  4.0000000E+00    1.3750000E+01    7.5000000E+00
  4.0000000E+00    1.3750000E+01    8.7500000E+00
  2.6666667E+00    1.3750000E+01    1.2500000E+00
  2.6666667E+00    1.3750000E+01    2.5000000E+00
  2.6666667E+00    1.3750000E+01    3.7500000E+00
  2.6666667E+00    1.3750000E+01    5.0000000E+00
  2.6666667E+00    1.3750000E+01    6.2500000E+00
  2.6666667E+00    1.3750000E+01    7.5000000E+00
  2.6666667E+00    1.3750000E+01    8.7500000E+00
  1.3333333E+00    1.3750000E+01    1.2500000E+00
  1.3333333E+00    1.3750000E+01    2.5000000E+00
  1.3333333E+00    1.3750000E+01    3.7500000E+00
  1.3333333E+00    1.3750000E+01    5.0000000E+00
  1.3333333E+00    1.3750000E+01    6.2500000E+00
  1.3333333E+00    1.3750000E+01    7.5000000E+00
  1.3333333E+00    1.3750000E+01    8.7500000E+00
  1.3333333E+00    1.3750000E+01    0.0000000E+00
  2.6666667E+00    1.3750000E+01    0.0000000E+00
  4.0000000E+00    1.3750000E+01    0.0000000E+00
  5.3333333E+00    1.3750000E+01    0.0000000E+00
  6.6666667E+00    1.3750000E+01    0.0000000E+00
  8.0000000E+00    1.3750000E+01    0.0000000E+00
  9.3333333E+00    1.3750000E+01    0.0000000E+00
  1.0666667E+01    1.3750000E+01    0.0000000E+00
  1.2000000E+01    1.3750000E+01    0.0000000E+00
  1.3333333E+01    1.3750000E+01    0.0000000E+00
  1.4666667E+01    1.3750000E+01    0.0000000E+00
  1.6000000E+01    1.3750000E+01    0.0000000E+00
  1.7333333E+01    1.3750000E+01    0.0000000E+00
  1.8666667E+01    1.3750000E+01    0.0000000E+00
  1.3333333E+00    1.2500000E+01    0.0000000E+00
  2.6666667E+00    1.2500000E+01    0.0000000E+00
  4.0000000E+00    1.2500000E+01    0.0000000E+00
  5.3333333E+00    1.2500000E+01    0.0000000E+00
  6.6666667E+00    1.2500000E+01    0.0000000E+00
  8.0000000E+00    1.2500000E+01    0.0000000E+00
  9.3333333E+00    1.2500000E+01    0.0000000E+00
  1.0666667E+01    1.2500000E+01    0.0000000E+00
  1.2000000E+01    1.2500000E+01    0.0000000E+00
  1.3333333E+01    1.2500000E+01    0.0000000E+00
  1.4666667E+01    1.2500000E+01    0.0000000E+00
  1.6000000E+01    1.2500000E+01    0.0000000E+00
  1.7333333E+01    1.2500000E+01    0.0000000E+00
  1.8666667E+01    1.2500000E+01    0.0000000E+00
  1.3333333E+00    1.1250000E+01    0.0000000E+00
  2.6666667E+00    1.1250000E+01    0.0000000E+00
  4.0000000E+00    1.1250000E+01    0.0000000E+00
  5.3333333E+00    1.1250000E+01    0.0000000E+00
  6.6666667E+00    1.1250000E+01    0.0000000E+00
  8.0000000E+00    1.1250000E+01    0.0000000E+00
  9.3333333E+00    1.1250000E+01    0.0000000E+00
  1.0666667E+01    1.1250000E+01    0.0000000E+00
  1.2000000E+01    1.1250000E+01    0.0000000E+00
  1.3333333E+01    1.1250000E+01    0.0000000E+00
  1.4666667E+01    1.1250000E+01    0.0000000E+00
  1.6000000E+01    1.1250000E+01    0.0000000E+00
  1.7333333E+01    1.1250000E+01    0.0000000E+00
  1.8666667E+01    1.1250000E+01    0.0000000E+00
  1.3333333E+00    1.0000000E+01    0.0000000E+00
  2.6666667E+00    1.0000000E+01    0.0000000E+00
  4.0000000E+00    1.0000000E+01    0.0000000E+00
  5.3333333E+00    1.0000000E+01    0.0000000E+00
  6.6666667E+00    1.0000000E+01    0.0000000E+00
  8.0000000E+00    1.0000000E+01    0.0000000E+00
  9.3333333E+00    1.0000000E+01    0.0000000E+00
  1.0666667E+01    1.0000000E+01    0.0000000E+00
  1.2000000E+01    1.0000000E+01    0.0000000E+00
  1.3333333E+01    1.0000000E+01    0.0000000E+00
  1.4666667E+01    1.0000000E+01    0.0000000E+00
  1.6000000E+01    1.0000000E+01    0.0000000E+00
  1.7333333E+01    1.0000000E+01    0.0000000E+00
  1.8666667E+01    1.0000000E+01    0.0000000E+00
  1.3333333E+00    8.7500000E+00    0.0000000E+00
  2.6666667E+00    8.7500000E+00    0.0000000E+00
  4.0000000E+00    8.7500000E+00    0.0000000E+00
  5.3333333E+00    8.7500000E+00    0.0000000E+00
  6.6666667E+00    8.7500000E+00    0.0000000E+00
  8.0000000E+00    8.7500000E+00    0.0000000E+00
  9.3333333E+00    8.7500000E+00    0.0000000E+00
  1.0666667E+01    8.7500000E+00    0.0000000E+00
  1.2000000E+01    8.7500000E+00    0.0000000E+00
  1.3333333E+01    8.7500000E+00    0.0000000E+00
  1.4666667E+01    8.7500000E+00    0.0000000E+00
  1.6000000E+01    8.7500000E+00    0.0000000E+00
  1.7333333E+01    8.7500000E+00    0.0000000E+00
  1.8666667E+01    8.7500000E+00    0.0000000E+00
  1.3333333E+00    7.5000000E+00    0.0000000E+00
  2.6666667E+00    7.5000000E+00    0.0000000E+00
  4.0000000E+00    7.5000000E+00    0.0000000E+00
  5.3333333E+00    7.5000000E+00    0.0000000E+00
  6.6666667E+00    7.5000000E+00    0.0000000E+00
  8.0000000E+00    7.5000000E+00    0.0000000E+00
  9.3333333E+00    7.5000000E+00    0.0000000E+00
  1.0666667E+01    7.5000000E+00    0.0000000E+00
  1.2000000E+01    7.5000000E+00    0.0000000E+00
  1.3333333E+01    7.5000000E+00    0.0000000E+00
  1.4666667E+01    7.5000000E+00    0.0000000E+00
  1.6000000E+01    7.5000000E+00    0.0000000E+00
  1.7333333E+01    7.5000000E+00    0.0000000E+00
  1.8666667E+01    7.5000000E+00    0.0000000E+00
  1.3333333E+00    6.2500000E+00    0.0000000E+00
  2.6666667E+00    6.2500000E+00    0.0000000E+00
  4.0000000E+00    6.2500000E+00    0.0000000E+00
  5.3333333E+00    6.2500000E+00    0.0000000E+00
  6.6666667E+00    6.2500000E+00    0.0000000E+00
  8.0000000E+00    6.2500000E+00    0.0000000E+00
  9.3333333E+00    6.2500000E+00    0.0000000E+00
  1.0666667E+01    6.2500000E+00    0.0000000E+00
  1.2000000E+01    6.2500000E+00    0.0000000E+00
  1.3333333E+01    6.2500000E+00    0.0000000E+00
  1.4666667E+01    6.2500000E+00    0.0000000E+00
  1.6000000E+01    6.2500000E+00    0.0000000E+00
  1.7333333E+01    6.2500000E+00    0.0000000E+00
  1.8666667E+01    6.2500000E+00    0.0000000E+00
  1.3333333E+00    5.0000000E+00    0.0000000E+00
  2.6666667E+00    5.0000000E+00    0.0000000E+00
  4.0000000E+00    5.0000000E+00    0.0000000E+00
  5.3333333E+00    5.0000000E+00    0.0000000E+00
  6.6666667E+00    5.0000000E+00    0.0000000E+00
  8.0000000E+00    5.0000000E+00    0.0000000E+00
  9.3333333E+00    5.0000000E+00    0.0000000E+00
  1.0666667E+01    5.0000000E+00    0.0000000E+00
  1.2000000E+01    5.0000000E+00    0.0000000E+00
  1.3333333E+01    5.0000000E+00    0.0000000E+00
  1.4666667E+01    5.0000000E+00    0.0000000E+00
  1.6000000E+01    5.0000000E+00    0.0000000E+00
  1.7333333E+01    5.0000000E+00    0.0000000E+00
  1.8666667E+01    5.0000000E+00    0.0000000E+00
  1.3333333E+00    3.7500000E+00    0.0000000E+00
  2.6666667E+00    3.7500000E+00    0.0000000E+00
  4.0000000E+00    3.7500000E+00    0.0000000E+00
  5.3333333E+00    3.7500000E+00    0.0000000E+00
  6.6666667E+00    3.7500000E+00    0.0000000E+00
  8.0000000E+00    3.7500000E+00    0.0000000E+00
  9.3333333E+00    3.7500000E+00    0.0000000E+00
  1.0666667E+01    3.7500000E+00    0.0000000E+00
  1.2000000E+01    3.7500000E+00    0.0000000E+00
  1.3333333E+01    3.7500000E+00    0.0000000E+00
  1.4666667E+01    3.7500000E+00    0.0000000E+00
  1.6000000E+01    3.7500000E+00    0.0000000E+00
  1.7333333E+01    3.7500000E+00    0.0000000E+00
  1.8666667E+01    3.7500000E+00    0.0000000E+00
  1.3333333E+00    2.5000000E+00    0.0000000E+00
  2.6666667E+00    2.5000000E+00    0.0000000E+00
  4.0000000E+00    2.5000000E+00    0.0000000E+00
  5.3333333E+00    2.5000000E+00    0.0000000E+00
  6.6666667E+00    2.5000000E+00    0.0000000E+00
  8.0000000E+00    2.5000000E+00    0.0000000E+00
  9.3333333E+00    2.5000000E+00    0.0000000E+00
  1.0666667E+01    2.5000000E+00    0.0000000E+00
  1.2000000E+01    2.5000000E+00    0.0000000E+00
  1.3333333E+01    2.5000000E+00    0.0000000E+00
  1.4666667E+01    2.5000000E+00    0.0000000E+00
  1.6000000E+01    2.5000000E+00    0.0000000E+00
  1.7333333E+01    2.5000000E+00    0.0000000E+00
  1.8666667E+01    2.5000000E+00    0.0000000E+00
  1.3333333E+00    1.2500000E+00    0.0000000E+00
  2.6666667E+00    1.2500000E+00    0.0000000E+00
  4.0000000E+00    1.2500000E+00    0.0000000E+00
  5.3333333E+00    1.2500000E+00    0.0000000E+00
  6.6666667E+00    1.2500000E+00    0.0000000E+00
  8.0000000E+00    1.2500000E+00    0.0000000E+00
  9.3333333E+00    1.2500000E+00    0.0000000E+00
  1.0666667E+01    1.2500000E+00    0.0000000E+00
  1.2000000E+01    1.2500000E+00    0.0000000E+00
  1.3333333E+01    1.2500000E+00    0.0000000E+00
  1.4666667E+01    1.2500000E+00    0.0000000E+00
  1.6000000E+01    1.2500000E+00    0.0000000E+00
  1.7333333E+01    1.2500000E+00    0.0000000E+00
  1.8666667E+01    1.2500000E+00    0.0000000E+00
  1.8666667E+01    1.2500000E+00    1.0000000E+01
  1.7333333E+01    1.2500000E+00    1.0000000E+01
  1.6000000E+01    1.2500000E+00    1.0000000E+01
  1.4666667E+01    1.2500000E+00    1.0000000E+01
  1.3333333E+01    1.2500000E+00    1.0000000E+01
  1.2000000E+01    1.2500000E+00    1.0000000E+01
  1.0666667E+01    1.2500000E+00    1.0000000E+01
  9.3333333E+00    1.2500000E+00    1.0000000E+01
  8.0000000E+00    1.2500000E+00    1.0000000E+01
  6.6666667E+00    1.2500000E+00    1.0000000E+01
  5.3333333E+00    1.2500000E+00    1.0000000E+01
  4.0000000E+00    1.2500000E+00    1.0000000E+01
  2.6666667E+00    1.2500000E+00    1.0000000E+01
  1.3333333E+00    1.2500000E+00    1.0000000E+01
  1.8666667E+01    2.5000000E+00    1.0000000E+01
  1.7333333E+01    2.5000000E+00    1.0000000E+01
  1.6000000E+01    2.5000000E+00    1.0000000E+01
  1.4666667E+01    2.5000000E+00    1.0000000E+01
  1.3333333E+01    2.5000000E+00    1.0000000E+01
  1.2000000E+01    2.5000000E+00    1.0000000E+01
  1.0666667E+01    2.5000000E+00    1.0000000E+01
  9.3333333E+00    2.5000000E+00    1.0000000E+01
  8.0000000E+00    2.5000000E+00    1.0000000E+01
  6.6666667E+00    2.5000000E+00    1.0000000E+01
  5.3333333E+00    2.5000000E+00    1.0000000E+01
  4.0000000E+00    2.5000000E+00    1.0000000E+01
  2.6666667E+00    2.5000000E+00    1.0000000E+01
  1.3333333E+00    2.5000000E+00    1.0000000E+01
  1.8666667E+01    3.7500000E+00    1.0000000E+01
  1.7333333E+01    3.7500000E+00    1.0000000E+01
  1.6000000E+01    3.7500000E+00    1.0000000E+01
  1.4666667E+01    3.7500000E+00    1.0000000E+01
  1.3333333E+01    3.7500000E+00    1.0000000E+01
  1.2000000E+01    3.7500000E+00    1.0000000E+01
  1.0666667E+01    3.7500000E+00    1.0000000E+01
  9.3333333E+00    3.7500000E+00    1.0000000E+01
  8.0000000E+00    3.7500000E+00    1.0000000E+01
  6.6666667E+00    3.7500000E+00    1.0000000E+01
  5.3333333E+00    3.7500000E+00    1.0000000E+01
  4.0000000E+00    3.7500000E+00    1.0000000E+01
  2.6666667E+00    3.7500000E+00    1.0000000E+01
  1.3333333E+00    3.7500000E+00    1.0000000E+01
  1.8666667E+01    5.0000000E+00    1.0000000E+01
  1.7333333E+01    5.0000000E+00    1.0000000E+01
  1.6000000E+01    5.0000000E+00    1.0000000E+01
  1.4666667E+01    5.0000000E+00    1.0000000E+01
  1.3333333E+01    5.0000000E+00    1.0000000E+01
  1.2000000E+01    5.0000000E+00    1.0000000E+01
  1.0666667E+01    5.0000000E+00    1.0000000E+01
  9.3333333E+00    5.0000000E+00    1.0000000E+01
  8.0000000E+00    5.0000000E+00    1.0000000E+01
  6.6666667E+00    5.0000000E+00    1.0000000E+01
  5.3333333E+00    5.0000000E+00    1.0000000E+01
  4.0000000E+00    5.0000000E+00    1.0000000E+01
  2.6666667E+00    5.0000000E+00    1.0000000E+01
  1.3333333E+00    5.0000000E+00    1.0000000E+01
  1.8666667E+01    6.2500000E+00    1.0000000E+01
  1.7333333E+01    6.2500000E+00    1.0000000E+01
  1.6000000E+01    6.2500000E+00    1.0000000E+01
  1.4666667E+01    6.2500000E+00    1.0000000E+01
  1.3333333E+01    6.2500000E+00    1.0000000E+01
  1.2000000E+01    6.2500000E+00    1.0000000E+01
  1.0666667E+01    6.2500000E+00    1.0000000E+01
  9.3333333E+00    6.2500000E+00    1.0000000E+01
  8.0000000E+00    6.2500000E+00    1.0000000E+01
  6.6666667E+00    6.2500000E+00    1.0000000E+01
  5.3333333E+00    6.2500000E+00    1.0000000E+01
  4.0000000E+00    6.2500000E+00    1.0000000E+01
  2.6666667E+00    6.2500000E+00    1.0000000E+01
  1.3333333E+00    6.2500000E+00    1.0000000E+01
  1.8666667E+01    7.5000000E+00    1.0000000E+01
  1.7333333E+01    7.5000000E+00    1.0000000E+01
  1.6000000E+01    7.5000000E+00    1.0000000E+01
  1.4666667E+01    7.5000000E+00    1.0000000E+01
  1.3333333E+01    7.5000000E+00    1.0000000E+01
  1.2000000E+01    7.5000000E+00    1.0000000E+01
  1.0666667E+01    7.5000000E+00    1.0000000E+01
  9.3333333E+00    7.5000000E+00    1.0000000E+01
  8.0000000E+00    7.5000000E+00    1.0000000E+01
  6.6666667E+00    7.5000000E+00    1.0000000E+01
  5.3333333E+00    7.5000000E+00    1.0000000E+01
  4.0000000E+00    7.5000000E+00    1.0000000E+01
  2.6666667E+00    7.5000000E+00    1.0000000E+01
  1.3333333E+00    7.5000000E+00    1.0000000E+01
  1.8666667E+01    8.7500000E+00    1.0000000E+01
  1.7333333E+01    8.7500000E+00    1.0000000E+01
  1.6000000E+01    8.7500000E+00    1.0000000E+01
  1.4666667E+01    8.7500000E+00    1.0000000E+01
  1.3333333E+01    8.7500000E+00    1.0000000E+01
  1.2000000E+01    8.7500000E+00    1.0000000E+01
  1.0666667E+01    8.7500000E+00    1.0000000E+01
  9.3333333E+00    8.7500000E+00    1.0000000E+01
  8.0000000E+00    8.7500000E+00    1.0000000E+01
  6.6666667E+00    8.7500000E+00    1.0000000E+01
  5.3333333E+00    8.7500000E+00    1.0000000E+01
  4.0000000E+00    8.7500000E+00    1.0000000E+01
  2.6666667E+00    8.7500000E+00    1.0000000E+01
  1.3333333E+00    8.7500000E+00    1.0000000E+01
  1.8666667E+01    1.0000000E+01    1.0000000E+01
  1.7333333E+01    1.0000000E+01    1.0000000E+01
  1.6000000E+01    1.0000000E+01    1.0000000E+01
  1.4666667E+01    1.0000000E+01    1.0000000E+01
  1.3333333E+01    1.0000000E+01    1.0000000E+01
  1.2000000E+01    1.0000000E+01    1.0000000E+01
  1.0666667E+01    1.0000000E+01    1.0000000E+01
  9.3333333E+00    1.0000000E+01    1.0000000E+01
  8.0000000E+00    1.0000000E+01    1.0000000E+01
  6.6666667E+00    1.0000000E+01    1.0000000E+01
  5.3333333E+00    1.0000000E+01    1.0000000E+01
  4.0000000E+00    1.0000000E+01    1.0000000E+01
  2.6666667E+00    1.0000000E+01    1.0000000E+01
  1.3333333E+00    1.0000000E+01    1.0000000E+01
  1.8666667E+01    1.1250000E+01    1.0000000E+01
  1.7333333E+01    1.1250000E+01    1.0000000E+01
  1.6000000E+01    1.1250000E+01    1.0000000E+01
  1.4666667E+01    1.1250000E+01    1.0000000E+01
  1.3333333E+01    1.1250000E+01    1.0000000E+01
  1.2000000E+01    1.1250000E+01    1.0000000E+01
  1.0666667E+01    1.1250000E+01    1.0000000E+01
  9.3333333E+00    1.1250000E+01    1.0000000E+01
  8.0000000E+00    1.1250000E+01    1.0000000E+01
  6.6666667E+00    1.1250000E+01    1.0000000E+01
  5.3333333E+00    1.1250000E+01    1.0000000E+01
  4.0000000E+00    1.1250000E+01    1.0000000E+01
  2.6666667E+00    1.1250000E+01    1.0000000E+01
  1.3333333E+00    1.1250000E+01    1.0000000E+01
  1.8666667E+01    1.2500000E+01    1.0000000E+01
  1.7333333E+01    1.2500000E+01    1.0000000E+01
  1.6000000E+01    1.2500000E+01    1.0000000E+01
  1.4666667E+01    1.2500000E+01    1.0000000E+01
  1.3333333E+01    1.2500000E+01    1.0000000E+01
  1.2000000E+01    1.2500000E+01    1.0000000E+01
  1.0666667E+01    1.2500000E+01    1.0000000E+01
  9.3333333E+00    1.2500000E+01    1.0000000E+01
  8.0000000E+00    1.2500000E+01    1.0000000E+01
  6.6666667E+00    1.2500000E+01    1.0000000E+01
  5.3333333E+00    1.2500000E+01    1.0000000E+01
  4.0000000E+00    1.2500000E+01    1.0000000E+01
  2.6666667E+00    1.2500000E+01    1.0000000E+01
  1.3333333E+00    1.2500000E+01    1.0000000E+01
  1.8666667E+01    1.3750000E+01    1.0000000E+01
  1.7333333E+01    1.3750000E+01    1.0000000E+01
  1.6000000E+01    1.3750000E+01    1.0000000E+01
  1.4666667E+01    1.3750000E+01    1.0000000E+01
  1.3333333E+01    1.3750000E+01    1.0000000E+01
  1.2000000E+01    1.3750000E+01    1.0000000E+01
  1.0666667E+01    1.3750000E+01    1.0000000E+01
  9.3333333E+00    1.3750000E+01    1.0000000E+01
  8.0000000E+00    1.3750000E+01    1.0000000E+01
  6.6666667E+00    1.3750000E+01    1.0000000E+01
  5.3333333E+00    1.3750000E+01    1.0000000E+01
  4.0000000E+00    1.3750000E+01    1.0000000E+01
  2.6666667E+00    1.3750000E+01    1.0000000E+01
  1.3333333E+00    1.3750000E+01    1.0000000E+01
  1.3333333E+00    1.5000000E+01    1.0000000E+01
  2.6666667E+00    1.5000000E+01    1.0000000E+01
  4.0000000E+00    1.5000000E+01    1.0000000E+01
  5.3333333E+00    1.5000000E+01    1.0000000E+01
  6.6666667E+00    1.5000000E+01    1.0000000E+01
  8.0000000E+00    1.5000000E+01    1.0000000E+01
  9.3333333E+00    1.5000000E+01    1.0000000E+01
  1.0666667E+01    1.5000000E+01    1.0000000E+01
  1.2000000E+01    1.5000000E+01    1.0000000E+01
  1.3333333E+01    1.5000000E+01    1.0000000E+01
  1.4666667E+01    1.5000000E+01    1.0000000E+01
  1.6000000E+01    1.5000000E+01    1.0000000E+01
  1.7333333E+01    1.5000000E+01    1.0000000E+01
  1.8666667E+01    1.5000000E+01    1.0000000E+01
  2.0000000E+01    1.5000000E+01    1.0000000E+01
  2.0000000E+01    1.3750000E+01    1.0000000E+01
  2.0000000E+01    1.2500000E+01    1.0000000E+01
  2.0000000E+01    1.1250000E+01    1.0000000E+01
  2.0000000E+01    1.0000000E+01    1.0000000E+01
  2.0000000E+01    8.7500000E+00    1.0000000E+01
  2.0000000E+01    7.5000000E+00    1.0000000E+01
  2.0000000E+01    6.2500000E+00    1.0000000E+01
  2.0000000E+01    5.0000000E+00    1.0000000E+01
  2.0000000E+01    3.7500000E+00    1.0000000E+01
  2.0000000E+01    2.5000000E+00    1.0000000E+01
  2.0000000E+01    1.2500000E+00    1.0000000E+01
  2.0000000E+01    0.0000000E+00    1.0000000E+01
  1.8666667E+01    0.0000000E+00    1.0000000E+01
  1.7333333E+01    0.0000000E+00    1.0000000E+01
  1.6000000E+01    0.0000000E+00    1.0000000E+01
  1.4666667E+01    0.0000000E+00    1.0000000E+01
  1.3333333E+01    0.0000000E+00    1.0000000E+01
  1.2000000E+01    0.0000000E+00    1.0000000E+01
  1.0666667E+01    0.0000000E+00    1.0000000E+01
  9.3333333E+00    0.0000000E+00    1.0000000E+01
  8.0000000E+00    0.0000000E+00    1.0000000E+01
  6.6666667E+00    0.0000000E+00    1.0000000E+01
  5.3333333E+00    0.0000000E+00    1.0000000E+01
  4.0000000E+00    0.0000000E+00    1.0000000E+01
  2.6666667E+00    0.0000000E+00    1.0000000E+01
  1.3333333E+00    0.0000000E+00    1.0000000E+01
  0.0000000E+00    0.0000000E+00    1.0000000E+01
  0.0000000E+00    1.2500000E+00    1.0000000E+01
  0.0000000E+00    2.5000000E+00    1.0000000E+01
  0.0000000E+00    3.7500000E+00    1.0000000E+01
  0.0000000E+00    5.0000000E+00    1.0000000E+01
  0.0000000E+00    6.2500000E+00    1.0000000E+01
  0.0000000E+00    7.5000000E+00    1.0000000E+01
  0.0000000E+00    8.7500000E+00    1.0000000E+01
  0.0000000E+00    1.0000000E+01    1.0000000E+01
  0.0000000E+00    1.1250000E+01    1.0000000E+01
  0.0000000E+00    1.2500000E+01    1.0000000E+01
  0.0000000E+00    1.3750000E+01    1.0000000E+01
  0.0000000E+00    1.5000000E+01    1.0000000E+01
  1.4418589E-17    1.2500000E+00    8.7500000E+00
  1.4418589E-17    1.2500000E+00    7.5000000E+00
  1.4418589E-17    1.2500000E+00    6.2500000E+00
  1.4418589E-17    1.2500000E+00    5.0000000E+00
  1.4418589E-17    1.2500000E+00    3.7500000E+00
  1.4418589E-17    1.2500000E+00    2.5000000E+00
  1.4418589E-17    1.2500000E+00    1.2500000E+00
  2.8837177E-17    2.5000000E+00    8.7500000E+00
  2.8837177E-17    2.5000000E+00    7.5000000E+00
  2.8837177E-17    2.5000000E+00    6.2500000E+00
  2.8837177E-17    2.5000000E+00    5.0000000E+00
  2.8837177E-17    2.5000000E+00    3.7500000E+00
  2.8837177E-17    2.5000000E+00    2.5000000E+00
  2.8837177E-17    2.5000000E+00    1.2500000E+00
  4.3255766E-17    3.7500000E+00    8.7500000E+00
  4.3255766E-17    3.7500000E+00    7.5000000E+00
  4.3255766E-17    3.7500000E+00    6.2500000E+00
  4.3255766E-17    3.7500000E+00    5.0000000E+00
  4.3255766E-17    3.7500000E+00    3.7500000E+00
  4.3255766E-17    3.7500000E+00    2.5000000E+00
  4.3255766E-17    3.7500000E+00    1.2500000E+00
  5.7674354E-17    5.0000000E+00    8.7500000E+00
  5.7674354E-17    5.0000000E+00    7.5000000E+00
  5.7674354E-17    5.0000000E+00    6.2500000E+00
  5.7674354E-17    5.0000000E+00    5.0000000E+00
  5.7674354E-17    5.0000000E+00    3.7500000E+00
  5.7674354E-17    5.0000000E+00    2.5000000E+00
  5.7674354E-17    5.0000000E+00    1.2500000E+00
  7.2092943E-17    6.2500000E+00    8.7500000E+00
  7.2092943E-17    6.2500000E+00    7.5000000E+00
  7.2092943E-17    6.2500000E+00    6.2500000E+00
  7.2092943E-17    6.2500000E+00    5.0000000E+00
  7.2092943E-17    6.2500000E+00    3.7500000E+00
  7.2092943E-17    6.2500000E+00    2.5000000E+00
  7.2092943E-17    6.2500000E+00    1.2500000E+00
  8.6511532E-17    7.5000000E+00    8.7500000E+00
  8.6511532E-17    7.5000000E+00    7.5000000E+00
  8.6511532E-17    7.5000000E+00    6.2500000E+00
  8.6511532E-17    7.5000000E+00    5.0000000E+00
  8.6511532E-17    7.5000000E+00    3.7500000E+00
  8.6511532E-17    7.5000000E+00    2.5000000E+00
  8.6511532E-17    7.5000000E+00    1.2500000E+00
  1.0093012E-16    8.7500000E+00    8.7500000E+00
  1.0093012E-16    8.7500000E+00    7.5000000E+00
  1.0093012E-16    8.7500000E+00    6.2500000E+00
  1.0093012E-16    8.7500000E+00    5.0000000E+00
  1.0093012E-16    8.7500000E+00    3.7500000E+00
  1.0093012E-16    8.7500000E+00    2.5000000E+00
  1.0093012E-16    8.7500000E+00    1.2500000E+00
  1.1534871E-16    1.0000000E+01    8.7500000E+00
  1.1534871E-16    1.0000000E+01    7.5000000E+00
  1.1534871E-16    1.0000000E+01    6.2500000E+00
  1.1534871E-16    1.0000000E+01    5.0000000E+00
  1.1534871E-16    1.0000000E+01    3.7500000E+00
  1.1534871E-16    1.0000000E+01    2.5000000E+00
  1.1534871E-16    1.0000000E+01    1.2500000E+00
  1.2976730E-16    1.1250000E+01    8.7500000E+00
  1.2976730E-16    1.1250000E+01    7.5000000E+00
  1.2976730E-16    1.1250000E+01    6.2500000E+00
  1.2976730E-16    1.1250000E+01    5.0000000E+00
  1.2976730E-16    1.1250000E+01    3.7500000E+00
  1.2976730E-16    1.1250000E+01    2.5000000E+00
  1.2976730E-16    1.1250000E+01    1.2500000E+00
  1.4418589E-16    1.2500000E+01    8.7500000E+00
  1.4418589E-16    1.2500000E+01    7.5000000E+00
  1.4418589E-16    1.2500000E+01    6.2500000E+00
  1.4418589E-16    1.2500000E+01    5.0000000E+00
  1.4418589E-16    1.2500000E+01    3.7500000E+00
  1.4418589E-16    1.2500000E+01    2.5000000E+00
  1.4418589E-16    1.2500000E+01    1.2500000E+00
  1.5860447E-16    1.3750000E+01    8.7500000E+00
  1.5860447E-16    1.3750000E+01    7.5000000E+00
  1.5860447E-16    1.3750000E+01    6.2500000E+00
  1.5860447E-16    1.3750000E+01    5.0000000E+00
  1.5860447E-16    1.3750000E+01    3.7500000E+00
  1.5860447E-16    1.3750000E+01    2.5000000E+00
  1.5860447E-16    1.3750000E+01    1.2500000E+00
  0.0000000E+00    1.3750000E+01    0.0000000E+00
  0.0000000E+00    1.2500000E+01    0.0000000E+00
  0.0000000E+00    1.1250000E+01    0.0000000E+00
  0.0000000E+00    1.0000000E+01    0.0000000E+00
  0.0000000E+00    8.7500000E+00    0.0000000E+00
  0.0000000E+00    7.5000000E+00    0.0000000E+00
  0.0000000E+00    6.2500000E+00    0.0000000E+00
  0.0000000E+00    5.0000000E+00    0.0000000E+00
  0.0000000E+00    3.7500000E+00    0.0000000E+00
  0.0000000E+00    2.5000000E+00    0.0000000E+00
  0.0000000E+00    1.2500000E+00    0.0000000E+00
  0.0000000E+00    1.5000000E+01    0.0000000E+00
  0.0000000E+00    1.5000000E+01    1.2500000E+00
  0.0000000E+00    1.5000000E+01    2.5000000E+00
  0.0000000E+00    1.5000000E+01    3.7500000E+00
  0.0000000E+00    1.5000000E+01    5.0000000E+00
  0.0000000E+00    1.5000000E+01    6.2500000E+00
  0.0000000E+00    1.5000000E+01    7.5000000E+00
  0.0000000E+00    1.5000000E+01    8.7500000E+00
  0.0000000E+00    0.0000000E+00    0.0000000E+00
  0.0000000E+00    0.0000000E+00    1.2500000E+00
  0.0000000E+00    0.0000000E+00    2.5000000E+00
  0.0000000E+00    0.0000000E+00    3.7500000E+00
  0.0000000E+00    0.0000000E+00    5.0000000E+00
  0.0000000E+00    0.0000000E+00    6.2500000E+00
  0.0000000E+00    0.0000000E+00    7.5000000E+00
  0.0000000E+00    0.0000000E+00    8.7500000E+00
  1.3333333E+00    0.0000000E+00    1.2500000E+00
  1.3333333E+00    0.0000000E+00    2.5000000E+00
  1.3333333E+00    0.0000000E+00    3.7500000E+00
  1.3333333E+00    0.0000000E+00    5.0000000E+00
  1.3333333E+00    0.0000000E+00    6.2500000E+00
  1.3333333E+00    0.0000000E+00    7.5000000E+00
  1.3333333E+00    0.0000000E+00    8.7500000E+00
  2.6666667E+00    0.0000000E+00    1.2500000E+00
  2.6666667E+00    0.0000000E+00    2.5000000E+00
  2.6666667E+00    0.0000000E+00    3.7500000E+00
  2.6666667E+00    0.0000000E+00    5.0000000E+00
  2.6666667E+00    0.0000000E+00    6.2500000E+00
  2.6666667E+00    0.0000000E+00    7.5000000E+00
  2.6666667E+00    0.0000000E+00    8.7500000E+00
  4.0000000E+00    0.0000000E+00    1.2500000E+00
  4.0000000E+00    0.0000000E+00    2.5000000E+00
  4.0000000E+00    0.0000000E+00    3.7500000E+00
  4.0000000E+00    0.0000000E+00    5.0000000E+00
  4.0000000E+00    0.0000000E+00    6.2500000E+00
  4.0000000E+00    0.0000000E+00    7.5000000E+00
  4.0000000E+00    0.0000000E+00    8.7500000E+00
  5.3333333E+00    0.0000000E+00    1.2500000E+00
  5.3333333E+00    0.0000000E+00    2.5000000E+00
  5.3333333E+00    0.0000000E+00    3.7500000E+00
  5.3333333E+00    0.0000000E+00    5.0000000E+00
  5.3333333E+00    0.0000000E+00    6.2500000E+00
  5.3333333E+00    0.0000000E+00    7.5000000E+00
  5.3333333E+00    0.0000000E+00    8.7500000E+00
  6.6666667E+00    0.0000000E+00    1.2500000E+00
  6.6666667E+00    0.0000000E+00    2.5000000E+00
  6.6666667E+00    0.0000000E+00    3.7500000E+00
  6.6666667E+00    0.0000000E+00    5.0000000E+00
  6.6666667E+00    0.0000000E+00    6.2500000E+00
  6.6666667E+00    0.0000000E+00    7.5000000E+00
  6.6666667E+00    0.0000000E+00    8.7500000E+00
  8.0000000E+00    0.0000000E+00    1.2500000E+00
  8.0000000E+00    0.0000000E+00    2.5000000E+00
  8.0000000E+00    0.0000000E+00    3.7500000E+00
  8.0000000E+00    0.0000000E+00    5.0000000E+00
  8.0000000E+00    0.0000000E+00    6.2500000E+00
  8.0000000E+00    0.0000000E+00    7.5000000E+00
  8.0000000E+00    0.0000000E+00    8.7500000E+00
  9.3333333E+00    0.0000000E+00    1.2500000E+00
  9.3333333E+00    0.0000000E+00    2.5000000E+00
  9.3333333E+00    0.0000000E+00    3.7500000E+00
  9.3333333E+00    0.0000000E+00    5.0000000E+00
  9.3333333E+00    0.0000000E+00    6.2500000E+00
  9.3333333E+00    0.0000000E+00    7.5000000E+00
  9.3333333E+00    0.0000000E+00    8.7500000E+00
  1.0666667E+01    0.0000000E+00    1.2500000E+00
  1.0666667E+01    0.0000000E+00    2.5000000E+00
  1.0666667E+01    0.0000000E+00    3.7500000E+00
  1.0666667E+01    0.0000000E+00    5.0000000E+00
  1.0666667E+01    0.0000000E+00    6.2500000E+00
  1.0666667E+01    0.0000000E+00    7.5000000E+00
  1.0666667E+01    0.0000000E+00    8.7500000E+00
  1.2000000E+01    0.0000000E+00    1.2500000E+00
  1.2000000E+01    0.0000000E+00    2.5000000E+00
  1.2000000E+01    0.0000000E+00    3.7500000E+00
  1.2000000E+01    0.0000000E+00    5.0000000E+00
  1.2000000E+01    0.0000000E+00    6.2500000E+00
  1.2000000E+01    0.0000000E+00    7.5000000E+00
  1.2000000E+01    0.0000000E+00    8.7500000E+00
  1.3333333E+01    0.0000000E+00    1.2500000E+00
  1.3333333E+01    0.0000000E+00    2.5000000E+00
  1.3333333E+01    0.0000000E+00    3.7500000E+00
  1.3333333E+01    0.0000000E+00    5.0000000E+00
  1.3333333E+01    0.0000000E+00    6.2500000E+00
  1.3333333E+01    0.0000000E+00    7.5000000E+00
  1.3333333E+01    0.0000000E+00    8.7500000E+00
  1.4666667E+01    0.0000000E+00    1.2500000E+00
  1.4666667E+01    0.0000000E+00    2.5000000E+00
  1.4666667E+01    0.0000000E+00    3.7500000E+00
  1.4666667E+01    0.0000000E+00    5.0000000E+00
  1.4666667E+01    0.0000000E+00    6.2500000E+00
  1.4666667E+01    0.0000000E+00    7.5000000E+00
  1.4666667E+01    0.0000000E+00    8.7500000E+00
  1.6000000E+01    0.0000000E+00    1.2500000E+00
  1.6000000E+01    0.0000000E+00    2.5000000E+00
  1.6000000E+01    0.0000000E+00    3.7500000E+00
  1.6000000E+01    0.0000000E+00    5.0000000E+00
  1.6000000E+01    0.0000000E+00    6.2500000E+00
  1.6000000E+01    0.0000000E+00    7.5000000E+00
  1.6000000E+01    0.0000000E+00    8.7500000E+00
  1.7333333E+01    0.0000000E+00    1.2500000E+00
  1.7333333E+01    0.0000000E+00    2.5000000E+00
  1.7333333E+01    0.0000000E+00    3.7500000E+00
  1.7333333E+01    0.0000000E+00    5.0000000E+00
  1.7333333E+01    0.0000000E+00    6.2500000E+00
  1.7333333E+01    0.0000000E+00    7.5000000E+00
  1.7333333E+01    0.0000000E+00    8.7500000E+00
  1.8666667E+01    0.0000000E+00    1.2500000E+00
  1.8666667E+01    0.0000000E+00    2.5000000E+00
  1.8666667E+01    0.0000000E+00    3.7500000E+00
  1.8666667E+01    0.0000000E+00    5.0000000E+00
  1.8666667E+01    0.0000000E+00    6.2500000E+00
  1.8666667E+01    0.0000000E+00    7.5000000E+00
  1.8666667E+01    0.0000000E+00    8.7500000E+00
  1.3333333E+00    0.0000000E+00    0.0000000E+00
  2.6666667E+00    0.0000000E+00    0.0000000E+00
  4.0000000E+00    0.0000000E+00    0.0000000E+00
  5.3333333E+00    0.0000000E+00    0.0000000E+00
  6.6666667E+00    0.0000000E+00    0.0000000E+00
  8.0000000E+00    0.0000000E+00    0.0000000E+00
  9.3333333E+00    0.0000000E+00    0.0000000E+00
  1.0666667E+01    0.0000000E+00    0.0000000E+00
  1.2000000E+01    0.0000000E+00    0.0000000E+00
  1.3333333E+01    0.0000000E+00    0.0000000E+00
  1.4666667E+01    0.0000000E+00    0.0000000E+00
  1.6000000E+01    0.0000000E+00    0.0000000E+00
  1.7333333E+01    0.0000000E+00    0.0000000E+00
  1.8666667E+01    0.0000000E+00    0.0000000E+00
  2.0000000E+01    0.0000000E+00    0.0000000E+00
  2.0000000E+01    0.0000000E+00    1.2500000E+00
  2.0000000E+01    0.0000000E+00    2.5000000E+00
  2.0000000E+01    0.0000000E+00    3.7500000E+00
  2.0000000E+01    0.0000000E+00    5.0000000E+00
  2.0000000E+01    0.0000000E+00    6.2500000E+00
  2.0000000E+01    0.0000000E+00    7.5000000E+00
  2.0000000E+01    0.0000000E+00    8.7500000E+00
  2.0000000E+01    1.3750000E+01    1.2500000E+00
  2.0000000E+01    1.2500000E+01    1.2500000E+00
  2.0000000E+01    1.1250000E+01    1.2500000E+00
  2.0000000E+01    1.0000000E+01    1.2500000E+00
  2.0000000E+01    8.7500000E+00    1.2500000E+00
  2.0000000E+01    7.5000000E+00    1.2500000E+00
  2.0000000E+01    6.2500000E+00    1.2500000E+00
  2.0000000E+01    5.0000000E+00    1.2500000E+00
  2.0000000E+01    3.7500000E+00    1.2500000E+00
  2.0000000E+01    2.5000000E+00    1.2500000E+00
  2.0000000E+01    1.2500000E+00    1.2500000E+00
  2.0000000E+01    1.3750000E+01    2.5000000E+00
  2.0000000E+01    1.2500000E+01    2.5000000E+00
  2.0000000E+01    1.1250000E+01    2.5000000E+00
  2.0000000E+01    1.0000000E+01    2.5000000E+00
  2.0000000E+01    8.7500000E+00    2.5000000E+00
  2.0000000E+01    7.5000000E+00    2.5000000E+00
  2.0000000E+01    6.2500000E+00    2.5000000E+00
  2.0000000E+01    5.0000000E+00    2.5000000E+00
  2.0000000E+01    3.7500000E+00    2.5000000E+00
  2.0000000E+01    2.5000000E+00    2.5000000E+00
  2.0000000E+01    1.2500000E+00    2.5000000E+00
  2.0000000E+01    1.3750000E+01    3.7500000E+00
  2.0000000E+01    1.2500000E+01    3.7500000E+00
  2.0000000E+01    1.1250000E+01    3.7500000E+00
  2.0000000E+01    1.0000000E+01    3.7500000E+00
  2.0000000E+01    8.7500000E+00    3.7500000E+00
  2.0000000E+01    7.5000000E+00    3.7500000E+00
  2.0000000E+01    6.2500000E+00    3.7500000E+00
  2.0000000E+01    5.0000000E+00    3.7500000E+00
  2.0000000E+01    3.7500000E+00    3.7500000E+00
  2.0000000E+01    2.5000000E+00    3.7500000E+00
  2.0000000E+01    1.2500000E+00    3.7500000E+00
  2.0000000E+01    1.3750000E+01    5.0000000E+00
  2.0000000E+01    1.2500000E+01    5.0000000E+00
  2.0000000E+01    1.1250000E+01    5.0000000E+00
  2.0000000E+01    1.0000000E+01    5.0000000E+00
  2.0000000E+01    8.7500000E+00    5.0000000E+00
  2.0000000E+01    7.5000000E+00    5.0000000E+00
  2.0000000E+01    6.2500000E+00    5.0000000E+00
  2.0000000E+01    5.0000000E+00    5.0000000E+00
  2.0000000E+01    3.7500000E+00    5.0000000E+00
  2.0000000E+01    2.5000000E+00    5.0000000E+00
  2.0000000E+01    1.2500000E+00    5.0000000E+00
  2.0000000E+01    1.3750000E+01    6.2500000E+00
  2.0000000E+01    1.2500000E+01    6.2500000E+00
  2.0000000E+01    1.1250000E+01    6.2500000E+00
  2.0000000E+01    1.0000000E+01    6.2500000E+00
  2.0000000E+01    8.7500000E+00    6.2500000E+00
  2.0000000E+01    7.5000000E+00    6.2500000E+00
  2.0000000E+01    6.2500000E+00    6.2500000E+00
  2.0000000E+01    5.0000000E+00    6.2500000E+00
  2.0000000E+01    3.7500000E+00    6.2500000E+00
  2.0000000E+01    2.5000000E+00    6.2500000E+00
  2.0000000E+01    1.2500000E+00    6.2500000E+00
  2.0000000E+01    1.3750000E+01    7.5000000E+00
  2.0000000E+01    1.2500000E+01    7.5000000E+00
  2.0000000E+01    1.1250000E+01    7.5000000E+00
  2.0000000E+01    1.0000000E+01    7.5000000E+00
  2.0000000E+01    8.7500000E+00    7.5000000E+00
  2.0000000E+01    7.5000000E+00    7.5000000E+00
  2.0000000E+01    6.2500000E+00    7.5000000E+00
  2.0000000E+01    5.0000000E+00    7.5000000E+00
  2.0000000E+01    3.7500000E+00    7.5000000E+00
  2.0000000E+01    2.5000000E+00    7.5000000E+00
  2.0000000E+01    1.2500000E+00    7.5000000E+00
  2.0000000E+01    1.3750000E+01    8.7500000E+00
  2.0000000E+01    1.2500000E+01    8.7500000E+00
  2.0000000E+01    1.1250000E+01    8.7500000E+00
  2.0000000E+01    1.0000000E+01    8.7500000E+00
  2.0000000E+01    8.7500000E+00    8.7500000E+00
  2.0000000E+01    7.5000000E+00    8.7500000E+00
  2.0000000E+01    6.2500000E+00    8.7500000E+00
  2.0000000E+01    5.0000000E+00    8.7500000E+00
  2.0000000E+01    3.7500000E+00    8.7500000E+00
  2.0000000E+01    2.5000000E+00    8.7500000E+00
  2.0000000E+01    1.2500000E+00    8.7500000E+00
  2.0000000E+01    1.2500000E+00    0.0000000E+00
  2.0000000E+01    2.5000000E+00    0.0000000E+00
  2.0000000E+01    3.7500000E+00    0.0000000E+00
  2.0000000E+01    5.0000000E+00    0.0000000E+00
  2.0000000E+01    6.2500000E+00    0.0000000E+00
  2.0000000E+01    7.5000000E+00    0.0000000E+00
  2.0000000E+01    8.7500000E+00    0.0000000E+00
  2.0000000E+01    1.0000000E+01    0.0000000E+00
  2.0000000E+01    1.1250000E+01    0.0000000E+00
  2.0000000E+01    1.2500000E+01    0.0000000E+00
  2.0000000E+01    1.3750000E+01    0.0000000E+00
  2.0000000E+01    1.5000000E+01    0.0000000E+00
  2.0000000E+01    1.5000000E+01    1.2500000E+00
  2.0000000E+01    1.5000000E+01    2.5000000E+00
  2.0000000E+01    1.5000000E+01    3.7500000E+00
  2.0000000E+01    1.5000000E+01    5.0000000E+00
  2.0000000E+01    1.5000000E+01    6.2500000E+00
  2.0000000E+01    1.5000000E+01    7.5000000E+00
  2.0000000E+01    1.5000000E+01    8.7500000E+00
  1.8666667E+01    1.5000000E+01    8.7500000E+00
  1.7333333E+01    1.5000000E+01    8.7500000E+00
  1.6000000E+01    1.5000000E+01    8.7500000E+00
  1.4666667E+01    1.5000000E+01    8.7500000E+00
  1.3333333E+01    1.5000000E+01    8.7500000E+00
  1.2000000E+01    1.5000000E+01    8.7500000E+00
  1.0666667E+01    1.5000000E+01    8.7500000E+00
  9.3333333E+00    1.5000000E+01    8.7500000E+00
  8.0000000E+00    1.5000000E+01    8.7500000E+00
  6.6666667E+00    1.5000000E+01    8.7500000E+00
  5.3333333E+00    1.5000000E+01    8.7500000E+00
  4.0000000E+00    1.5000000E+01    8.7500000E+00
  2.6666667E+00    1.5000000E+01    8.7500000E+00
  1.3333333E+00    1.5000000E+01    8.7500000E+00
  1.8666667E+01    1.5000000E+01    7.5000000E+00
  1.7333333E+01    1.5000000E+01    7.5000000E+00
  1.6000000E+01    1.5000000E+01    7.5000000E+00
  1.4666667E+01    1.5000000E+01    7.5000000E+00
  1.3333333E+01    1.5000000E+01    7.5000000E+00
  1.2000000E+01    1.5000000E+01    7.5000000E+00
  1.0666667E+01    1.5000000E+01    7.5000000E+00
  9.3333333E+00    1.5000000E+01    7.5000000E+00
  8.0000000E+00    1.5000000E+01    7.5000000E+00
  6.6666667E+00    1.5000000E+01    7.5000000E+00
  5.3333333E+00    1.5000000E+01    7.5000000E+00
  4.0000000E+00    1.5000000E+01    7.5000000E+00
  2.6666667E+00    1.5000000E+01    7.5000000E+00
  1.3333333E+00    1.5000000E+01    7.5000000E+00
  1.8666667E+01    1.5000000E+01    6.2500000E+00
  1.7333333E+01    1.5000000E+01    6.2500000E+00
  1.6000000E+01    1.5000000E+01    6.2500000E+00
  1.4666667E+01    1.5000000E+01    6.2500000E+00
  1.3333333E+01    1.5000000E+01    6.2500000E+00
  1.2000000E+01    1.5000000E+01    6.2500000E+00
  1.0666667E+01    1.5000000E+01    6.2500000E+00
  9.3333333E+00    1.5000000E+01    6.2500000E+00
  8.0000000E+00    1.5000000E+01    6.2500000E+00
  6.6666667E+00    1.5000000E+01    6.2500000E+00
  5.3333333E+00    1.5000000E+01    6.2500000E+00
  4.0000000E+00    1.5000000E+01    6.2500000E+00
  2.6666667E+00    1.5000000E+01    6.2500000E+00
  1.3333333E+00    1.5000000E+01    6.2500000E+00
  1.8666667E+01    1.5000000E+01    5.0000000E+00
  1.7333333E+01    1.5000000E+01    5.0000000E+00
  1.6000000E+01    1.5000000E+01    5.0000000E+00
  1.4666667E+01    1.5000000E+01    5.0000000E+00
  1.3333333E+01    1.5000000E+01    5.0000000E+00
  1.2000000E+01    1.5000000E+01    5.0000000E+00
  1.0666667E+01    1.5000000E+01    5.0000000E+00
  9.3333333E+00    1.5000000E+01    5.0000000E+00
  8.0000000E+00    1.5000000E+01    5.0000000E+00
  6.6666667E+00    1.5000000E+01    5.0000000E+00
  5.3333333E+00    1.5000000E+01    5.0000000E+00
  4.0000000E+00    1.5000000E+01    5.0000000E+00
  2.6666667E+00    1.5000000E+01    5.0000000E+00
  1.3333333E+00    1.5000000E+01    5.0000000E+00
  1.8666667E+01    1.5000000E+01    3.7500000E+00
  1.7333333E+01    1.5000000E+01    3.7500000E+00
  1.6000000E+01    1.5000000E+01    3.7500000E+00
  1.4666667E+01    1.5000000E+01    3.7500000E+00
  1.3333333E+01    1.5000000E+01    3.7500000E+00
  1.2000000E+01    1.5000000E+01    3.7500000E+00
  1.0666667E+01    1.5000000E+01    3.7500000E+00
  9.3333333E+00    1.5000000E+01    3.7500000E+00
  8.0000000E+00    1.5000000E+01    3.7500000E+00
  6.6666667E+00    1.5000000E+01    3.7500000E+00
  5.3333333E+00    1.5000000E+01    3.7500000E+00
  4.0000000E+00    1.5000000E+01    3.7500000E+00
  2.6666667E+00    1.5000000E+01    3.7500000E+00
  1.3333333E+00    1.5000000E+01    3.7500000E+00
  1.8666667E+01    1.5000000E+01    2.5000000E+00
  1.7333333E+01    1.5000000E+01    2.5000000E+00
  1.6000000E+01    1.5000000E+01    2.5000000E+00
  1.4666667E+01    1.5000000E+01    2.5000000E+00
  1.3333333E+01    1.5000000E+01    2.5000000E+00
  1.2000000E+01    1.5000000E+01    2.5000000E+00
  1.0666667E+01    1.5000000E+01    2.5000000E+00
  9.3333333E+00    1.5000000E+01    2.5000000E+00
  8.0000000E+00    1.5000000E+01    2.5000000E+00
  6.6666667E+00    1.5000000E+01    2.5000000E+00
  5.3333333E+00    1.5000000E+01    2.5000000E+00
  4.0000000E+00    1.5000000E+01    2.5000000E+00
  2.6666667E+00    1.5000000E+01    2.5000000E+00
  1.3333333E+00    1.5000000E+01    2.5000000E+00
  1.8666667E+01    1.5000000E+01    1.2500000E+00
  1.7333333E+01    1.5000000E+01    1.2500000E+00
  1.6000000E+01    1.5000000E+01    1.2500000E+00
  1.4666667E+01    1.5000000E+01    1.2500000E+00
  1.3333333E+01    1.5000000E+01    1.2500000E+00
  1.2000000E+01    1.5000000E+01    1.2500000E+00
  1.0666667E+01    1.5000000E+01    1.2500000E+00
  9.3333333E+00    1.5000000E+01    1.2500000E+00
  8.0000000E+00    1.5000000E+01    1.2500000E+00
  6.6666667E+00    1.5000000E+01    1.2500000E+00
  5.3333333E+00    1.5000000E+01    1.2500000E+00
  4.0000000E+00    1.5000000E+01    1.2500000E+00
  2.6666667E+00    1.5000000E+01    1.2500000E+00
  1.3333333E+00    1.5000000E+01    1.2500000E+00
  1.8666667E+01    1.5000000E+01    0.0000000E+00
  1.7333333E+01    1.5000000E+01    0.0000000E+00
  1.6000000E+01    1.5000000E+01    0.0000000E+00
  1.4666667E+01    1.5000000E+01    0.0000000E+00
  1.3333333E+01    1.5000000E+01    0.0000000E+00
  1.2000000E+01    1.5000000E+01    0.0000000E+00
  1.0666667E+01    1.5000000E+01    0.0000000E+00
  9.3333333E+00    1.5000000E+01    0.0000000E+00
  8.0000000E+00    1.5000000E+01    0.0000000E+00
  6.6666667E+00    1.5000000E+01    0.0000000E+00
  5.3333333E+00    1.5000000E+01    0.0000000E+00
  4.0000000E+00    1.5000000E+01    0.0000000E+00
  2.6666667E+00    1.5000000E+01    0.0000000E+00
  1.3333333E+00    1.5000000E+01    0.0000000E+00
