  0.1510899E+03
  0.1536781E+03
  0.1546566E+03
  0.1542375E+03
  0.1543123E+03
  0.1548067E+03
  0.1538348E+03
  0.1511680E+03
  0.6830295E+02
  0.6704498E+02
  0.6710947E+02
  0.6437173E+02
  0.6444996E+02
  0.6727186E+02
  0.6728442E+02
  0.6851245E+02
  0.2418105E+02
  0.2120102E+02
  0.2051215E+02
  0.1999315E+02
  0.2002268E+02
  0.2060026E+02
  0.2124278E+02
  0.2409968E+02
  0.1522700E-06
  0.1109260E-06
  0.8955277E-07
  0.9174401E-07
  0.9149070E-07
  0.8834830E-07
  0.1076825E-06
  0.1479864E-06
  0.4686415E-07
  0.7755255E-07
  0.1132757E-06
  0.1192978E-06
  0.1190038E-06
  0.1135848E-06
  0.7882189E-07
  0.4854897E-07
  0.6612257E-07
  0.7217740E-07
  0.7101375E-07
  0.7609492E-07
  0.7663584E-07
  0.7230301E-07
  0.7532526E-07
  0.7043044E-07
  0.4156556E-07
  0.4401566E-07
  0.4583386E-07
  0.4770283E-07
  0.4800356E-07
  0.4682761E-07
  0.4584629E-07
  0.4419129E-07
  0.2273592E-07
  0.2202089E-07
  0.2234437E-07
  0.2259434E-07
  0.2275898E-07
  0.2287353E-07
  0.2296409E-07
  0.2406002E-07
  0.9768679E-08
  0.8922194E-08
  0.8960157E-08
  0.9079397E-08
  0.9149984E-08
  0.9178634E-08
  0.9304462E-08
  0.1030342E-07
  0.3145536E-08
  0.2713818E-08
  0.2720403E-08
  0.2772607E-08
  0.2790803E-08
  0.2780059E-08
  0.2825507E-08
  0.3303295E-08
  0.5635245E-09
  0.4839696E-09
  0.5241570E-09
  0.5626152E-09
  0.5631890E-09
  0.5290204E-09
  0.5009520E-09
  0.5905688E-09
  0.2558065E-10
  0.3161120E-10
  0.5771800E-10
  0.8567824E-10
  0.8757698E-10
  0.6053371E-10
  0.3374809E-10
  0.2670318E-10
  0.1267592E+02
  0.2660163E+02
  0.2617917E+02
  0.2399514E+02
  0.2408302E+02
  0.2651084E+02
  0.2696919E+02
  0.1277347E+02
  0.2224936E+02
  0.3849091E-07
  0.2932234E+02
  0.1869943E+02
  0.1872677E+02
  0.2954445E+02
  0.3902870E-07
  0.2276245E+02
  0.4124145E+02
  0.4241548E+02
  0.4952681E+02
  0.5509000E+02
  0.5546972E+02
  0.5063032E+02
  0.4367216E+02
  0.4246903E+02
  0.3995966E+02
  0.4183192E+02
  0.4066176E+02
  0.4408096E+02
  0.4405357E+02
  0.4070565E+02
  0.4187270E+02
  0.4024542E+02
  0.2200187E+02
  0.1284026E-06
  0.2738827E-06
  0.3082747E-06
  0.3052546E-06
  0.2698192E-06
  0.1274275E-06
  0.2230778E+02
  0.7501474E-07
  0.6220398E-07
  0.5125968E-07
  0.6149154E-07
  0.6145790E-07
  0.5101189E-07
  0.6407979E-07
  0.7877911E-07
  0.5895376E-07
  0.5002692E-07
  0.4393651E-07
  0.4309411E-07
  0.4336236E-07
  0.4492204E-07
  0.5204658E-07
  0.6201322E-07
  0.3550509E-07
  0.3063910E-07
  0.2796431E-07
  0.2655782E-07
  0.2672604E-07
  0.2851669E-07
  0.3163270E-07
  0.3686551E-07
  0.2269940E-07
  0.1948271E-07
  0.1770522E-07
  0.1699773E-07
  0.1710643E-07
  0.1803532E-07
  0.2004867E-07
  0.2344709E-07
  0.1088301E-07
  0.9537301E-08
  0.8876114E-08
  0.8570588E-08
  0.8623884E-08
  0.9035828E-08
  0.9793023E-08
  0.1120218E-07
  0.4240705E-08
  0.3668638E-08
  0.3400676E-08
  0.3261662E-08
  0.3281073E-08
  0.3460943E-08
  0.3766930E-08
  0.4370257E-08
  0.7225666E-09
  0.6530087E-09
  0.6660638E-09
  0.6775786E-09
  0.6871985E-09
  0.6895491E-09
  0.6772192E-09
  0.7447036E-09
  0.1298920E+02
  0.4125776E+02
  0.4665339E+02
  0.4428065E+02
  0.4494968E+02
  0.4829560E+02
  0.4276358E+02
  0.1348314E+02
  0.4091546E-07
  0.9128268E-07
  0.1344407E-06
  0.2001446E-06
  0.1554058E-06
  0.1102159E-06
  0.1007290E-06
  0.4578388E-07
  0.1420403E-06
  0.1385146E-06
  0.1646876E-06
  0.1938984E-06
  0.1944631E-06
  0.1666426E-06
  0.1548838E-06
  0.1552623E-06
  0.2423114E+02
  0.2855887E+02
  0.3343592E+02
  0.3867270E+02
  0.3861239E+02
  0.3302631E+02
  0.2938446E+02
  0.2513242E+02
  0.3237433E+02
  0.4662148E+02
  0.5688637E+02
  0.6026707E+02
  0.6078691E+02
  0.5770130E+02
  0.4725014E+02
  0.3320737E+02
  0.3096282E+02
  0.1933356E+02
  0.1408705E+02
  0.1413439E+02
  0.1436421E+02
  0.1452561E+02
  0.2000309E+02
  0.3195788E+02
  0.5674166E-07
  0.4176049E-07
  0.3141472E-07
  0.2737257E-07
  0.2785894E-07
  0.3293482E-07
  0.4424076E-07
  0.6005856E-07
  0.6685801E-07
  0.5021034E-07
  0.3880256E-07
  0.3454654E-07
  0.3478924E-07
  0.3958475E-07
  0.5175263E-07
  0.6927216E-07
  0.3379999E-07
  0.2997880E-07
  0.2704212E-07
  0.2508079E-07
  0.2522166E-07
  0.2744860E-07
  0.3062534E-07
  0.3463168E-07
  0.2222224E-07
  0.2037075E-07
  0.1856088E-07
  0.1723184E-07
  0.1731997E-07
  0.1883481E-07
  0.2083230E-07
  0.2279245E-07
  0.1309172E-07
  0.1110809E-07
  0.9597620E-08
  0.8853942E-08
  0.8895112E-08
  0.9727151E-08
  0.1133843E-07
  0.1341560E-07
  0.4216963E-08
  0.3825165E-08
  0.3558437E-08
  0.3397226E-08
  0.3413441E-08
  0.3602871E-08
  0.3879983E-08
  0.4278604E-08
  0.2559249E-06
  0.7604138E+02
  0.4623865E+02
  0.4338078E+02
  0.4401795E+02
  0.4788581E+02
  0.8005424E+02
  0.2715460E-06
  0.1085334E-06
  0.9108581E-07
  0.7313879E-07
  0.1443121E-06
  0.1273261E-06
  0.7998658E-07
  0.1060583E-06
  0.1271309E-06
  0.1693722E-06
  0.2234651E-06
  0.1017815E-06
  0.9901739E+01
  0.5622973E-07
  0.1528155E-06
  0.2541019E-06
  0.1972173E-06
  0.7195041E-07
  0.8184997E-07
  0.3574292E-07
  0.5753100E-08
  0.1636050E-07
  0.4730898E-07
  0.7941076E-07
  0.7786920E-07
  0.1918077E+02
  0.1760326E+02
  0.1919742E+02
  0.2206190E+02
  0.2203874E+02
  0.1912448E+02
  0.1794545E+02
  0.1974738E+02
  0.2765254E+02
  0.2727850E+02
  0.2683810E+02
  0.2607521E+02
  0.2604812E+02
  0.2673019E+02
  0.2739536E+02
  0.2817536E+02
  0.3756624E+02
  0.3049827E+02
  0.2469454E+02
  0.2209813E+02
  0.2218615E+02
  0.2500583E+02
  0.3114061E+02
  0.3858987E+02
  0.1141012E-06
  0.7888568E-07
  0.5404387E-07
  0.4820998E-07
  0.4838487E-07
  0.5471429E-07
  0.8096393E-07
  0.1183102E-06
  0.7497256E-07
  0.5918076E-07
  0.4105959E-07
  0.3940459E-07
  0.3956135E-07
  0.4154575E-07
  0.6004930E-07
  0.7644617E-07
  0.5477574E-07
  0.4178091E-07
  0.2779789E-07
  0.2532955E-07
  0.2542411E-07
  0.2814305E-07
  0.4269969E-07
  0.5631290E-07
  0.2491454E-07
  0.2191849E-07
  0.1844237E-07
  0.1661989E-07
  0.1667280E-07
  0.1862364E-07
  0.2224458E-07
  0.2532991E-07
  0.1188000E-07
  0.1130741E-07
  0.1049971E-07
  0.9941269E-08
  0.9960825E-08
  0.1055053E-07
  0.1136942E-07
  0.1194887E-07
  0.3293452E-06
  0.7908589E+02
  0.4453004E+02
  0.4343611E+02
  0.4535039E+02
  0.4868756E+02
  0.8410657E+02
  0.3549410E-06
  0.9330059E-07
  0.7534230E+01
  0.1024296E+02
  0.6872970E-07
  0.1064349E-06
  0.4237959E-07
  0.1161923E+02
  0.1072586E-06
  0.3233524E-07
  0.4871890E-07
  0.4009954E-07
  0.4595528E-07
  0.6891258E-07
  0.6404401E-07
  0.6959749E-07
  0.4767225E-07
  0.3605480E-07
  0.1687857E+02
  0.4116966E-07
  0.5920176E+01
  0.5709335E+01
  0.3094511E-07
  0.1737380E+02
  0.4075101E-07
  0.3420180E-07
  0.2222084E-07
  0.2955258E-07
  0.5475168E-07
  0.3828030E-07
  0.1941958E-07
  0.2442022E-07
  0.3653227E-07
  0.2430777E+02
  0.3892219E-07
  0.2496018E+02
  0.1320808E+02
  0.1307839E+02
  0.2427121E+02
  0.3841429E-07
  0.2429070E+02
  0.2587570E+02
  0.2367827E+02
  0.2217411E+02
  0.2072557E+02
  0.2068246E+02
  0.2213659E+02
  0.2376048E+02
  0.2615568E+02
  0.3688422E+02
  0.3392531E+02
  0.2934201E+02
  0.2573981E+02
  0.2578741E+02
  0.2950870E+02
  0.3429572E+02
  0.3750157E+02
  0.4124169E+01
  0.3683100E-07
  0.4685754E-07
  0.4139603E-07
  0.4145343E-07
  0.4704719E-07
  0.3666126E-07
  0.4199356E+01
  0.3377917E-07
  0.3828513E-07
  0.3895060E-07
  0.3514330E-07
  0.3520718E-07
  0.3918862E-07
  0.3881648E-07
  0.3451123E-07
  0.2937248E-07
  0.2829068E-07
  0.2575553E-07
  0.2486253E-07
  0.2488955E-07
  0.2585101E-07
  0.2844660E-07
  0.2954386E-07
  0.2367105E-07
  0.2236161E-07
  0.2041630E-07
  0.1946696E-07
  0.1948603E-07
  0.2045970E-07
  0.2241423E-07
  0.2369304E-07
  0.1777587E+02
  0.5081549E+02
  0.5398920E+02
  0.4806744E+02
  0.4670579E+02
  0.5250824E+02
  0.5202903E+02
  0.1888474E+02
  0.7422050E-07
  0.4384002E-07
  0.2956193E-07
  0.3147939E-07
  0.3466159E-07
  0.3012334E-07
  0.3779217E-07
  0.6568078E-07
  0.2449683E-07
  0.9484656E+01
  0.7340211E+01
  0.3850946E-07
  0.4167504E-07
  0.6665772E+01
  0.1056102E+02
  0.2672880E-07
  0.2553326E-07
  0.3436161E-07
  0.6705998E-07
  0.5925690E-07
  0.4555932E-07
  0.3597400E-07
  0.2586217E-07
  0.2481284E-07
  0.2244215E-07
  0.1538833E+02
  0.7151434E-07
  0.1134667E-06
  0.9147644E-07
  0.5051001E-07
  0.1397141E+02
  0.2174774E-07
  0.6798763E+01
  0.2453827E-07
  0.4010606E-07
  0.2842192E-07
  0.2872867E-07
  0.3856654E-07
  0.2325457E-07
  0.6552882E+01
  0.1403965E+02
  0.1156307E+02
  0.1502989E+02
  0.1922689E+02
  0.1918656E+02
  0.1489746E+02
  0.1141341E+02
  0.1400183E+02
  0.2400621E+02
  0.2179040E+02
  0.2050899E+02
  0.2071372E+02
  0.2071101E+02
  0.2050712E+02
  0.2184978E+02
  0.2417585E+02
  0.3073827E+02
  0.2714147E+02
  0.2321768E+02
  0.1469492E+02
  0.1469236E+02
  0.2329711E+02
  0.2732163E+02
  0.3102941E+02
  0.7505690E-07
  0.5399335E-07
  0.4808621E-07
  0.3627082E-07
  0.3639948E-07
  0.4853175E-07
  0.5488688E-07
  0.7666962E-07
  0.4359902E-07
  0.3792544E-07
  0.3499343E-07
  0.3030224E-07
  0.3037891E-07
  0.3514331E-07
  0.3803637E-07
  0.4370713E-07
  0.4119566E-07
  0.3732762E-07
  0.3299471E-07
  0.3152434E-07
  0.3158739E-07
  0.3308978E-07
  0.3738324E-07
  0.4120154E-07
  0.2175588E+02
  0.4168707E+02
  0.4446121E+02
  0.4868044E+02
  0.4793882E+02
  0.4326480E+02
  0.4130199E+02
  0.2221128E+02
  0.1056531E-06
  0.7421699E-07
  0.1734521E+02
  0.4481071E-07
  0.3839711E-07
  0.1576348E+02
  0.7417289E-07
  0.9628579E-07
  0.4871484E-07
  0.7636278E-07
  0.8713991E-07
  0.6659707E-07
  0.5711291E-07
  0.7907355E-07
  0.7247408E-07
  0.4773213E-07
  0.1416408E-07
  0.1440589E+02
  0.6711279E-07
  0.9117382E-07
  0.7818953E-07
  0.5362995E-07
  0.1408321E+02
  0.1500871E-07
  0.2863154E-07
  0.1079170E+02
  0.2579521E-07
  0.3633078E-07
  0.3460552E-07
  0.2401591E-07
  0.1074910E+02
  0.2806484E-07
  0.2205404E-07
  0.1947190E+02
  0.3046872E-07
  0.1280978E+02
  0.1260762E+02
  0.2961849E-07
  0.1875401E+02
  0.2118429E-07
  0.1165536E+02
  0.2550209E-07
  0.2975941E-07
  0.2418438E-07
  0.2421937E-07
  0.2936284E-07
  0.2484145E-07
  0.1137639E+02
  0.1733266E+02
  0.1829878E+02
  0.2037891E+02
  0.2051594E+02
  0.2045197E+02
  0.2021111E+02
  0.1816883E+02
  0.1727526E+02
  0.2283347E+02
  0.2142689E+02
  0.2441505E+02
  0.3083199E+02
  0.3079106E+02
  0.2440171E+02
  0.2146211E+02
  0.2287957E+02
  0.2136584E+02
  0.1270784E+02
  0.1686604E+02
  0.7350444E-07
  0.7363652E-07
  0.1705129E+02
  0.1279469E+02
  0.2141019E+02
  0.4813054E-07
  0.2890735E-07
  0.1550931E-07
  0.3288148E-07
  0.3292879E-07
  0.1557658E-07
  0.2875877E-07
  0.4770333E-07
  0.6182521E-07
  0.5372275E-07
  0.4616033E-07
  0.4785501E-07
  0.4787015E-07
  0.4622842E-07
  0.5372647E-07
  0.6155563E-07
  0.2749341E+02
  0.4336127E+02
  0.5656590E+02
  0.5362806E+02
  0.5283445E+02
  0.5516965E+02
  0.4260050E+02
  0.2745597E+02
  0.8240152E-07
  0.1548806E-06
  0.2379281E-06
  0.1451884E-06
  0.1314860E-06
  0.2151541E-06
  0.1443859E-06
  0.7308814E-07
  0.5006607E-07
  0.1307629E-06
  0.1902721E-06
  0.1099600E-06
  0.1018962E-06
  0.1765035E-06
  0.1225148E-06
  0.4800157E-07
  0.1405266E-07
  0.1203381E+02
  0.4505426E-07
  0.6568785E-07
  0.6439269E-07
  0.4532242E-07
  0.1231311E+02
  0.1427085E-07
  0.1230306E-07
  0.1026486E+02
  0.8321109E+01
  0.6359631E+01
  0.6227555E+01
  0.8463225E+01
  0.1005396E+02
  0.1193233E-07
  0.2638739E-07
  0.1038609E+02
  0.1463009E-07
  0.1794174E-07
  0.1744803E-07
  0.1423560E-07
  0.1007853E+02
  0.2533094E-07
  0.3301656E-07
  0.1403121E+02
  0.9015162E+01
  0.8157891E+01
  0.7839628E+01
  0.8488885E+01
  0.1354275E+02
  0.3202645E-07
  0.2192645E+02
  0.2472712E-07
  0.1364022E+02
  0.9052845E+01
  0.8802025E+01
  0.1363702E+02
  0.2505492E-07
  0.2174543E+02
  0.2282079E+02
  0.2491920E+02
  0.2585374E+02
  0.2368006E+02
  0.2394026E+02
  0.2639692E+02
  0.2515489E+02
  0.2274020E+02
  0.2142183E+02
  0.2067322E+02
  0.2074580E+02
  0.1795791E+02
  0.1801632E+02
  0.2091765E+02
  0.2067310E+02
  0.2130144E+02
  0.1088440E+02
  0.3020012E-07
  0.4711760E-07
  0.3551935E-07
  0.3535327E-07
  0.4671963E-07
  0.2995294E-07
  0.1079416E+02
  0.2866648E-07
  0.3753358E-07
  0.5143785E-07
  0.5822037E-07
  0.5819131E-07
  0.5138626E-07
  0.3750495E-07
  0.2850447E-07
  0.3406568E+02
  0.4199559E+02
  0.4944060E+02
  0.5120864E+02
  0.5083231E+02
  0.4867919E+02
  0.4137799E+02
  0.3370055E+02
  0.7843765E-07
  0.1401257E-06
  0.2057124E-06
  0.1474260E-06
  0.1459848E-06
  0.1906854E-06
  0.1249622E-06
  0.7242464E-07
  0.5460803E-07
  0.8094251E-07
  0.7028308E-07
  0.5355610E-07
  0.5528980E-07
  0.6760320E-07
  0.7688272E-07
  0.5390586E-07
  0.1691983E-07
  0.1275466E+02
  0.1540819E+02
  0.4458751E-07
  0.4471504E-07
  0.1553340E+02
  0.1299017E+02
  0.1704779E-07
  0.9683882E-08
  0.7147637E+01
  0.7885453E+01
  0.2733856E-07
  0.2749420E-07
  0.8003319E+01
  0.7127232E+01
  0.9436795E-08
  0.9395154E-08
  0.9139161E+01
  0.1147474E+02
  0.1213122E+02
  0.1273185E+02
  0.1220534E+02
  0.8829366E+01
  0.8979433E-08
  0.2566849E-07
  0.1515133E+02
  0.1778279E-07
  0.1265831E+02
  0.1069461E+02
  0.1524180E-07
  0.1451282E+02
  0.2521139E-07
  0.1163144E+02
  0.2469107E-07
  0.1724696E+02
  0.1344914E-07
  0.1531378E-07
  0.1832365E+02
  0.2519387E-07
  0.1150532E+02
  0.1831962E+02
  0.1626961E+02
  0.1724734E+02
  0.1789325E+02
  0.1773684E+02
  0.1719179E+02
  0.1642343E+02
  0.1807631E+02
  0.2459111E+02
  0.3532589E+02
  0.4187546E+02
  0.4173012E+02
  0.4139140E+02
  0.4133453E+02
  0.3487466E+02
  0.2432567E+02
  0.2163133E+02
  0.8190260E-07
  0.1385369E-06
  0.1392075E-06
  0.1390218E-06
  0.1380397E-06
  0.8137247E-07
  0.2143765E+02
  0.2054830E-07
  0.4363434E-07
  0.6465860E-07
  0.6717430E-07
  0.6713806E-07
  0.6451640E-07
  0.4344653E-07
  0.2041062E-07
  0.3845581E+02
  0.4143486E+02
  0.4483005E+02
  0.4690815E+02
  0.4674026E+02
  0.4439233E+02
  0.4087955E+02
  0.3783356E+02
  0.9166627E-07
  0.1156799E-06
  0.1263875E-06
  0.1033287E-06
  0.1044739E-06
  0.1174538E-06
  0.1032491E-06
  0.8646303E-07
  0.5941471E-07
  0.4507715E-07
  0.9775923E+01
  0.3555572E-07
  0.3624800E-07
  0.9890252E+01
  0.4370362E-07
  0.5887043E-07
  0.2048207E-07
  0.1766435E+02
  0.1415465E+02
  0.1811168E-07
  0.1820712E-07
  0.1428009E+02
  0.1790908E+02
  0.2070447E-07
  0.9755521E-08
  0.8911058E+01
  0.1044345E+02
  0.1134360E+02
  0.1118480E+02
  0.1035071E+02
  0.8914985E+01
  0.9638495E-08
  0.1539826E-07
  0.8604019E+01
  0.8757170E+01
  0.9971928E+01
  0.1037464E+02
  0.8937433E+01
  0.8368503E+01
  0.1485542E-07
  0.5179289E-07
  0.3774254E-07
  0.1999889E+02
  0.1856684E-07
  0.1235087E+02
  0.1558433E+02
  0.3876022E-07
  0.5101014E-07
  0.2290554E-07
  0.2668709E-07
  0.1437716E-07
  0.1109890E+02
  0.2058571E-07
  0.2513750E-07
  0.2862347E-07
  0.2273635E-07
  0.1441707E+02
  0.1393569E+02
  0.2107901E+02
  0.4665380E-07
  0.5019658E-07
  0.2330266E+02
  0.1367953E+02
  0.1423036E+02
  0.2513612E+02
  0.2789177E+02
  0.3135321E+02
  0.4035188E+02
  0.4006342E+02
  0.3101868E+02
  0.2773728E+02
  0.2492647E+02
  0.2263858E+02
  0.1719626E+02
  0.1411689E+02
  0.1472245E+02
  0.1477092E+02
  0.1420149E+02
  0.1714589E+02
  0.2248603E+02
  0.4580932E-07
  0.3918106E-07
  0.3812921E-07
  0.3941434E-07
  0.3938212E-07
  0.3805203E-07
  0.3900034E-07
  0.4552798E-07
  0.4123876E+02
  0.4188241E+02
  0.4326088E+02
  0.4415924E+02
  0.4401398E+02
  0.4285529E+02
  0.4126831E+02
  0.4038013E+02
  0.7368228E-07
  0.9017465E-07
  0.1181834E-06
  0.1083331E-06
  0.1081811E-06
  0.1186728E-06
  0.9078033E-07
  0.7425433E-07
  0.3172821E-07
  0.1046434E+02
  0.1654150E+02
  0.3779253E-07
  0.3771714E-07
  0.1663370E+02
  0.1064701E+02
  0.3227928E-07
  0.2617575E-07
  0.1887497E+02
  0.1800970E+02
  0.1702115E+02
  0.1697514E+02
  0.1807235E+02
  0.1905338E+02
  0.2644464E-07
  0.1869500E-07
  0.1155438E+02
  0.1169089E+02
  0.1223057E+02
  0.1232758E+02
  0.1174372E+02
  0.1142528E+02
  0.1844230E-07
  0.1811178E-07
  0.1963412E-07
  0.3034082E-07
  0.3172756E-07
  0.3224455E-07
  0.2925836E-07
  0.1746215E-07
  0.1693505E-07
  0.3361887E-07
  0.4080880E-07
  0.3427216E-07
  0.3052367E-07
  0.2574202E-07
  0.2631068E-07
  0.3643418E-07
  0.3272264E-07
  0.4609314E-07
  0.3117006E-07
  0.1778198E+02
  0.1389197E+02
  0.1497728E+02
  0.1886853E+02
  0.3113169E-07
  0.4571706E-07
  0.9274889E-07
  0.8539988E-07
  0.7672236E-07
  0.7163052E-07
  0.5806721E-07
  0.6136641E-07
  0.8316316E-07
  0.9207705E-07
  0.3277350E+02
  0.3714034E+02
  0.3568674E+02
  0.2511032E+02
  0.2514200E+02
  0.3553248E+02
  0.3677260E+02
  0.3246631E+02
  0.4009251E+02
  0.3607001E+02
  0.3280686E+02
  0.3315598E+02
  0.3307067E+02
  0.3262091E+02
  0.3584554E+02
  0.3982319E+02
  0.1402643E-06
  0.1224040E-06
  0.1033361E-06
  0.9621250E-07
  0.9616221E-07
  0.1031009E-06
  0.1218601E-06
  0.1394911E-06
  0.4396888E+02
  0.4345538E+02
  0.4394970E+02
  0.4428503E+02
  0.4412161E+02
  0.4346792E+02
  0.4267542E+02
  0.4281852E+02
  0.1003091E-06
  0.1361944E-06
  0.1210391E-06
  0.7263395E-07
  0.7254035E-07
  0.1223804E-06
  0.1397398E-06
  0.1042412E-06
  0.9967804E-07
  0.4589938E+02
  0.3604272E+02
  0.2839372E+02
  0.2836686E+02
  0.3632649E+02
  0.4678883E+02
  0.1026515E-06
  0.1009777E-06
  0.2183014E+02
  0.1393168E+02
  0.1358671E+02
  0.1361844E+02
  0.1398688E+02
  0.2196476E+02
  0.1024834E-06
  0.1893746E-07
  0.1466272E-07
  0.1285462E-07
  0.1034966E-07
  0.1027858E-07
  0.1281105E-07
  0.1451816E-07
  0.1856901E-07
  0.2282045E-07
  0.2659814E-07
  0.2748767E-07
  0.2797091E-07
  0.2760701E-07
  0.2683408E-07
  0.2564155E-07
  0.2197108E-07
  0.2567517E-07
  0.3431389E-07
  0.3950761E-07
  0.3239025E-07
  0.3398091E-07
  0.4181367E-07
  0.3469553E-07
  0.2505450E-07
  0.2738798E-07
  0.2278580E-07
  0.1997153E-07
  0.1770248E-07
  0.1956406E-07
  0.2439204E-07
  0.2567887E-07
  0.2647150E-07
  0.4405243E-07
  0.4041501E-07
  0.2290908E+02
  0.1814167E+02
  0.1787416E+02
  0.2183868E+02
  0.3894462E-07
  0.4323698E-07
  0.1601288E+02
  0.1779655E+02
  0.1440207E+02
  0.1229538E+02
  0.1239082E+02
  0.1445424E+02
  0.1767333E+02
  0.1586075E+02
  0.3189620E+02
  0.3052184E+02
  0.2839377E+02
  0.2635024E+02
  0.2631072E+02
  0.2826831E+02
  0.3031431E+02
  0.3164403E+02
  0.1140473E+02
  0.1122886E+02
  0.1106282E+02
  0.1079343E+02
  0.1077778E+02
  0.1102197E+02
  0.1117296E+02
  0.1133517E+02
  0.4349042E+02
  0.4039145E+02
  0.3953808E+02
  0.3929664E+02
  0.3914746E+02
  0.3907681E+02
  0.3959184E+02
  0.4230886E+02
  0.3356295E-07
  0.3339332E+02
  0.2843656E+02
  0.2633299E+02
  0.2638975E+02
  0.2863104E+02
  0.3388713E+02
  0.3416205E-07
  0.1226806E+02
  0.2276924E+02
  0.2185162E+02
  0.2050505E+02
  0.2054099E+02
  0.2198214E+02
  0.2304934E+02
  0.1253062E+02
  0.3450534E-07
  0.7955486E-08
  0.4504164E-08
  0.4849007E-08
  0.4913000E-08
  0.4691789E-08
  0.8240045E-08
  0.3511563E-07
  0.1927156E-07
  0.2090712E-07
  0.1983811E-07
  0.1955227E-07
  0.1954657E-07
  0.1985878E-07
  0.2090705E-07
  0.1935539E-07
  0.2272525E-07
  0.2703415E-07
  0.2942291E-07
  0.2978469E-07
  0.2989439E-07
  0.2943131E-07
  0.2672780E-07
  0.2229315E-07
  0.2622831E-07
  0.3167461E-07
  0.3556201E-07
  0.3675882E-07
  0.3662834E-07
  0.3524310E-07
  0.3131945E-07
  0.2576197E-07
  0.3574708E-07
  0.4620739E-07
  0.5894860E-07
  0.5516900E-07
  0.5492445E-07
  0.5827111E-07
  0.4578225E-07
  0.3523559E-07
  0.4653863E-07
  0.3993315E-07
  0.4111471E-07
  0.3872549E-07
  0.3746001E-07
  0.3757703E-07
  0.3735930E-07
  0.4582269E-07
  0.6957130E-07
  0.2316033E+02
  0.2545126E+02
  0.3006109E+02
  0.2994656E+02
  0.2516439E+02
  0.2288573E+02
  0.6888446E-07
  0.4099464E+02
  0.3348926E+02
  0.3082064E+02
  0.3012478E+02
  0.3011587E+02
  0.3075302E+02
  0.3329035E+02
  0.4062785E+02
  0.1809625E+02
  0.1845841E+02
  0.1811138E+02
  0.1702554E+02
  0.1700512E+02
  0.1805096E+02
  0.1836461E+02
  0.1797260E+02
  0.4728418E+02
  0.5809936E+02
  0.5552610E+02
  0.5478598E+02
  0.5467177E+02
  0.5518521E+02
  0.5744873E+02
  0.4631172E+02
  0.2613719E+02
  0.4410120E+02
  0.4940639E+02
  0.5016818E+02
  0.5024642E+02
  0.4964341E+02
  0.4444463E+02
  0.2643148E+02
  0.1814738E-07
  0.3167211E-07
  0.3541509E-07
  0.3467653E-07
  0.3495464E-07
  0.3627375E-07
  0.3295661E-07
  0.1935181E-07
  0.3116857E-07
  0.4245102E-07
  0.4591110E-07
  0.4693705E-07
  0.4726299E-07
  0.4691155E-07
  0.4394784E-07
  0.3253701E-07
  0.2013723E-07
  0.2332725E-07
  0.2551054E-07
  0.2680384E-07
  0.2683406E-07
  0.2556595E-07
  0.2343395E-07
  0.2032750E-07
  0.2193427E-07
  0.2618642E-07
  0.2907026E-07
  0.3055687E-07
  0.3048767E-07
  0.2889587E-07
  0.2598046E-07
  0.2176162E-07
  0.2725050E-07
  0.3269295E-07
  0.3707385E-07
  0.3873840E-07
  0.3870843E-07
  0.3700426E-07
  0.3248969E-07
  0.2689464E-07
  0.3525104E-07
  0.4116003E-07
  0.4343358E-07
  0.4427152E-07
  0.4431629E-07
  0.4347487E-07
  0.4090032E-07
  0.3470871E-07
  0.4317676E-07
  0.6265403E-07
  0.6102000E-07
  0.6128785E-07
  0.6091547E-07
  0.6012698E-07
  0.6157391E-07
  0.4234566E-07
  0.6355749E-07
  0.1194573E-06
  0.1463688E-06
  0.1502557E-06
  0.1499042E-06
  0.1453746E-06
  0.1181420E-06
  0.6270377E-07
  0.2911879E+02
  0.4943091E+02
  0.5938491E+02
  0.5925668E+02
  0.5912361E+02
  0.5900033E+02
  0.4898397E+02
  0.2880252E+02
  0.4435925E+02
  0.4695496E+02
  0.4412269E+02
  0.4311126E+02
  0.4306800E+02
  0.4398345E+02
  0.4670651E+02
  0.4402961E+02
  0.1362293E+03
  0.1362292E+03
  0.1468155E+03
  0.1506536E+03
  0.1506223E+03
  0.1466632E+03
  0.1358543E+03
  0.1354344E+03
  0.2013657E-06
  0.2154893E-06
  0.2375669E-06
  0.2486616E-06
  0.2494297E-06
  0.2395735E-06
  0.2181199E-06
  0.2042136E-06
  0.9883846E-07
  0.1030302E-06
  0.1136480E-06
  0.1183886E-06
  0.1189376E-06
  0.1151411E-06
  0.1051312E-06
  0.1013446E-06
  0.3723705E-07
  0.3720224E-07
  0.4021575E-07
  0.4194352E-07
  0.4211132E-07
  0.4067092E-07
  0.3785720E-07
  0.3827074E-07
  0.2382840E-07
  0.2416437E-07
  0.2608889E-07
  0.2740666E-07
  0.2743730E-07
  0.2619411E-07
  0.2435879E-07
  0.2430214E-07
  0.2047743E-07
  0.2343822E-07
  0.2616769E-07
  0.2760139E-07
  0.2757698E-07
  0.2609242E-07
  0.2334073E-07
  0.2054330E-07
  0.2244072E-07
  0.2649898E-07
  0.2895476E-07
  0.3015302E-07
  0.3013271E-07
  0.2885674E-07
  0.2629391E-07
  0.2224797E-07
  0.2694560E-07
  0.3273424E-07
  0.3457683E-07
  0.3479935E-07
  0.3471598E-07
  0.3432340E-07
  0.3234912E-07
  0.2649084E-07
  0.3421309E-07
  0.3394289E-07
  0.3220144E-07
  0.3149604E-07
  0.3136542E-07
  0.3183233E-07
  0.3339328E-07
  0.3347290E-07
  0.5409612E-07
  0.4849884E-07
  0.4773530E-07
  0.4658147E-07
  0.4645618E-07
  0.4736693E-07
  0.4792883E-07
  0.5319647E-07
  0.5397320E-07
  0.2507893E+02
  0.1904791E+02
  0.1867654E+02
  0.1864059E+02
  0.1894118E+02
  0.2483879E+02
  0.5322307E-07
  0.1198915E+03
  0.1098889E+03
  0.1080399E+03
  0.1073700E+03
  0.1072203E+03
  0.1076006E+03
  0.1091735E+03
  0.1188827E+03
  0.0000000E+00
  0.0000000E+00
  0.0000000E+00
  0.0000000E+00
  0.0000000E+00
  0.0000000E+00
  0.0000000E+00
  0.0000000E+00
  0.0000000E+00
  0.0000000E+00
  0.0000000E+00
  0.0000000E+00
  0.0000000E+00
  0.0000000E+00
  0.0000000E+00
  0.0000000E+00
  0.0000000E+00
  0.0000000E+00
  0.0000000E+00
  0.0000000E+00
  0.0000000E+00
  0.0000000E+00
  0.0000000E+00
  0.0000000E+00
  0.0000000E+00
  0.0000000E+00
  0.0000000E+00
  0.0000000E+00
  0.0000000E+00
  0.0000000E+00
  0.0000000E+00
  0.0000000E+00
  0.0000000E+00
  0.0000000E+00
  0.0000000E+00
  0.0000000E+00
  0.0000000E+00
  0.0000000E+00
  0.0000000E+00
  0.0000000E+00
  0.0000000E+00
  0.0000000E+00
  0.0000000E+00
  0.0000000E+00
  0.0000000E+00
  0.0000000E+00
  0.0000000E+00
  0.0000000E+00
  0.0000000E+00
  0.0000000E+00
  0.0000000E+00
  0.0000000E+00
  0.0000000E+00
  0.0000000E+00
  0.0000000E+00
  0.0000000E+00
  0.0000000E+00
  0.0000000E+00
  0.0000000E+00
  0.0000000E+00
  0.0000000E+00
  0.0000000E+00
  0.0000000E+00
  0.0000000E+00
  0.0000000E+00
  0.0000000E+00
  0.0000000E+00
  0.0000000E+00
  0.0000000E+00
  0.0000000E+00
  0.0000000E+00
  0.0000000E+00
  0.0000000E+00
  0.0000000E+00
  0.0000000E+00
  0.0000000E+00
  0.0000000E+00
  0.0000000E+00
  0.0000000E+00
  0.0000000E+00
  0.0000000E+00
  0.0000000E+00
  0.0000000E+00
  0.0000000E+00
  0.0000000E+00
  0.0000000E+00
  0.0000000E+00
  0.0000000E+00
  0.0000000E+00
  0.0000000E+00
  0.0000000E+00
  0.0000000E+00
  0.0000000E+00
  0.0000000E+00
  0.0000000E+00
  0.0000000E+00
  0.0000000E+00
  0.0000000E+00
  0.0000000E+00
  0.0000000E+00
  0.0000000E+00
  0.0000000E+00
  0.0000000E+00
  0.0000000E+00
  0.0000000E+00
  0.0000000E+00
  0.0000000E+00
  0.0000000E+00
  0.0000000E+00
  0.0000000E+00
  0.0000000E+00
  0.0000000E+00
  0.0000000E+00
  0.0000000E+00
  0.0000000E+00
  0.0000000E+00
  0.0000000E+00
  0.0000000E+00
  0.0000000E+00
  0.0000000E+00
  0.0000000E+00
  0.0000000E+00
  0.0000000E+00
  0.0000000E+00
  0.0000000E+00
  0.0000000E+00
  0.0000000E+00
  0.0000000E+00
  0.0000000E+00
  0.0000000E+00
  0.0000000E+00
  0.0000000E+00
  0.0000000E+00
  0.0000000E+00
  0.0000000E+00
  0.0000000E+00
  0.0000000E+00
  0.0000000E+00
  0.0000000E+00
  0.0000000E+00
  0.0000000E+00
  0.0000000E+00
  0.0000000E+00
  0.0000000E+00
  0.0000000E+00
  0.0000000E+00
  0.0000000E+00
  0.0000000E+00
  0.0000000E+00
  0.0000000E+00
  0.0000000E+00
  0.0000000E+00
  0.0000000E+00
  0.0000000E+00
  0.0000000E+00
  0.0000000E+00
  0.0000000E+00
  0.0000000E+00
  0.0000000E+00
  0.0000000E+00
  0.0000000E+00
  0.0000000E+00
  0.0000000E+00
  0.0000000E+00
  0.0000000E+00
  0.0000000E+00
  0.0000000E+00
  0.0000000E+00
  0.0000000E+00
  0.0000000E+00
  0.0000000E+00
  0.0000000E+00
  0.0000000E+00
  0.0000000E+00
  0.0000000E+00
  0.0000000E+00
  0.0000000E+00
  0.0000000E+00
  0.0000000E+00
  0.0000000E+00
  0.0000000E+00
  0.0000000E+00
  0.0000000E+00
  0.0000000E+00
  0.0000000E+00
  0.0000000E+00
  0.0000000E+00
  0.0000000E+00
  0.0000000E+00
  0.0000000E+00
  0.0000000E+00
  0.0000000E+00
  0.0000000E+00
  0.0000000E+00
  0.0000000E+00
  0.0000000E+00
  0.0000000E+00
  0.0000000E+00
  0.0000000E+00
  0.0000000E+00
  0.0000000E+00
  0.0000000E+00
  0.0000000E+00
  0.0000000E+00
  0.0000000E+00
  0.0000000E+00
  0.0000000E+00
  0.0000000E+00
  0.0000000E+00
  0.0000000E+00
  0.0000000E+00
  0.0000000E+00
  0.0000000E+00
  0.0000000E+00
  0.0000000E+00
  0.0000000E+00
  0.0000000E+00
  0.0000000E+00
  0.0000000E+00
  0.0000000E+00
  0.0000000E+00
  0.0000000E+00
  0.0000000E+00
  0.0000000E+00
  0.0000000E+00
  0.0000000E+00
  0.0000000E+00
  0.0000000E+00
  0.0000000E+00
  0.0000000E+00
  0.0000000E+00
  0.0000000E+00
  0.0000000E+00
  0.0000000E+00
  0.0000000E+00
  0.0000000E+00
  0.0000000E+00
  0.0000000E+00
  0.0000000E+00
  0.0000000E+00
  0.0000000E+00
  0.0000000E+00
  0.0000000E+00
  0.0000000E+00
  0.0000000E+00
  0.0000000E+00
  0.0000000E+00
  0.0000000E+00
  0.0000000E+00
  0.0000000E+00
  0.0000000E+00
  0.0000000E+00
  0.0000000E+00
  0.0000000E+00
  0.0000000E+00
  0.0000000E+00
  0.0000000E+00
  0.0000000E+00
  0.0000000E+00
  0.0000000E+00
  0.0000000E+00
  0.0000000E+00
  0.0000000E+00
  0.0000000E+00
  0.0000000E+00
  0.0000000E+00
  0.0000000E+00
  0.0000000E+00
  0.0000000E+00
  0.0000000E+00
  0.0000000E+00
  0.0000000E+00
  0.0000000E+00
  0.0000000E+00
  0.0000000E+00
  0.0000000E+00
  0.0000000E+00
  0.0000000E+00
  0.0000000E+00
  0.0000000E+00
  0.0000000E+00
  0.0000000E+00
  0.0000000E+00
  0.0000000E+00
  0.0000000E+00
  0.0000000E+00
  0.0000000E+00
  0.0000000E+00
  0.0000000E+00
  0.0000000E+00
  0.0000000E+00
  0.0000000E+00
  0.0000000E+00
  0.0000000E+00
  0.0000000E+00
  0.0000000E+00
  0.0000000E+00
  0.0000000E+00
  0.0000000E+00
  0.0000000E+00
  0.0000000E+00
  0.0000000E+00
  0.0000000E+00
  0.0000000E+00
  0.0000000E+00
  0.0000000E+00
  0.0000000E+00
  0.0000000E+00
  0.0000000E+00
  0.0000000E+00
  0.0000000E+00
  0.0000000E+00
  0.0000000E+00
  0.0000000E+00
  0.0000000E+00
  0.0000000E+00
  0.0000000E+00
  0.0000000E+00
  0.0000000E+00
  0.0000000E+00
  0.0000000E+00
  0.0000000E+00
  0.0000000E+00
  0.0000000E+00
  0.0000000E+00
  0.0000000E+00
  0.0000000E+00
  0.0000000E+00
  0.0000000E+00
  0.0000000E+00
  0.0000000E+00
  0.0000000E+00
  0.0000000E+00
  0.0000000E+00
  0.0000000E+00
  0.0000000E+00
  0.0000000E+00
  0.0000000E+00
  0.0000000E+00
  0.0000000E+00
  0.0000000E+00
  0.0000000E+00
  0.0000000E+00
  0.0000000E+00
  0.0000000E+00
  0.0000000E+00
  0.0000000E+00
  0.0000000E+00
  0.0000000E+00
  0.0000000E+00
  0.0000000E+00
  0.0000000E+00
  0.0000000E+00
  0.0000000E+00
  0.0000000E+00
  0.0000000E+00
  0.0000000E+00
  0.0000000E+00
  0.0000000E+00
  0.0000000E+00
  0.0000000E+00
  0.0000000E+00
  0.0000000E+00
  0.0000000E+00
  0.0000000E+00
  0.0000000E+00
  0.0000000E+00
  0.0000000E+00
  0.0000000E+00
  0.0000000E+00
  0.0000000E+00
  0.0000000E+00
  0.0000000E+00
  0.0000000E+00
  0.0000000E+00
  0.0000000E+00
  0.0000000E+00
  0.0000000E+00
  0.0000000E+00
  0.0000000E+00
  0.0000000E+00
  0.0000000E+00
  0.0000000E+00
  0.0000000E+00
  0.0000000E+00
  0.0000000E+00
  0.0000000E+00
  0.0000000E+00
  0.0000000E+00
  0.0000000E+00
  0.0000000E+00
  0.0000000E+00
  0.0000000E+00
  0.0000000E+00
  0.0000000E+00
  0.0000000E+00
  0.0000000E+00
  0.0000000E+00
  0.0000000E+00
  0.0000000E+00
  0.0000000E+00
  0.0000000E+00
  0.0000000E+00
  0.0000000E+00
  0.0000000E+00
  0.0000000E+00
  0.0000000E+00
  0.0000000E+00
  0.0000000E+00
  0.0000000E+00
  0.0000000E+00
  0.0000000E+00
  0.0000000E+00
  0.0000000E+00
  0.0000000E+00
  0.0000000E+00
  0.0000000E+00
  0.0000000E+00
  0.0000000E+00
  0.0000000E+00
  0.0000000E+00
  0.0000000E+00
  0.0000000E+00
  0.0000000E+00
  0.0000000E+00
  0.0000000E+00
  0.0000000E+00
  0.0000000E+00
  0.0000000E+00
  0.0000000E+00
  0.0000000E+00
  0.0000000E+00
  0.0000000E+00
  0.0000000E+00
  0.0000000E+00
  0.0000000E+00
  0.0000000E+00
  0.0000000E+00
  0.0000000E+00
  0.0000000E+00
  0.0000000E+00
  0.0000000E+00
  0.0000000E+00
  0.0000000E+00
  0.0000000E+00
  0.0000000E+00
  0.0000000E+00
  0.0000000E+00
  0.0000000E+00
  0.0000000E+00
  0.0000000E+00
  0.0000000E+00
  0.0000000E+00
  0.0000000E+00
  0.0000000E+00
  0.0000000E+00
  0.0000000E+00
  0.0000000E+00
  0.0000000E+00
  0.0000000E+00
  0.0000000E+00
  0.0000000E+00
  0.0000000E+00
  0.0000000E+00
  0.0000000E+00
  0.0000000E+00
  0.0000000E+00
  0.0000000E+00
  0.0000000E+00
  0.0000000E+00
  0.0000000E+00
  0.0000000E+00
  0.0000000E+00
  0.0000000E+00
  0.0000000E+00
  0.0000000E+00
  0.0000000E+00
  0.0000000E+00
  0.0000000E+00
  0.0000000E+00
  0.0000000E+00
  0.0000000E+00
  0.0000000E+00
  0.0000000E+00
  0.0000000E+00
  0.0000000E+00
  0.0000000E+00
  0.0000000E+00
  0.0000000E+00
  0.0000000E+00
  0.0000000E+00
  0.0000000E+00
  0.0000000E+00
  0.0000000E+00
  0.0000000E+00
  0.0000000E+00
  0.0000000E+00
  0.0000000E+00
  0.0000000E+00
  0.0000000E+00
  0.0000000E+00
  0.0000000E+00
  0.0000000E+00
  0.0000000E+00
  0.0000000E+00
  0.0000000E+00
  0.0000000E+00
  0.0000000E+00
  0.0000000E+00
  0.0000000E+00
  0.0000000E+00
  0.0000000E+00
  0.0000000E+00
  0.0000000E+00
  0.0000000E+00
  0.0000000E+00
  0.0000000E+00
  0.0000000E+00
  0.0000000E+00
  0.0000000E+00
  0.0000000E+00
  0.0000000E+00
  0.0000000E+00
  0.0000000E+00
  0.0000000E+00
  0.0000000E+00
  0.0000000E+00
  0.0000000E+00
  0.0000000E+00
  0.0000000E+00
  0.0000000E+00
  0.0000000E+00
  0.0000000E+00
  0.0000000E+00
  0.0000000E+00
  0.0000000E+00
  0.0000000E+00
  0.0000000E+00
  0.0000000E+00
  0.0000000E+00
  0.0000000E+00
  0.0000000E+00
  0.0000000E+00
  0.0000000E+00
  0.0000000E+00
  0.0000000E+00
  0.0000000E+00
  0.0000000E+00
  0.0000000E+00
  0.0000000E+00
  0.0000000E+00
  0.0000000E+00
  0.0000000E+00
  0.0000000E+00
  0.0000000E+00
  0.0000000E+00
  0.0000000E+00
  0.0000000E+00
  0.0000000E+00
  0.0000000E+00
  0.0000000E+00
  0.0000000E+00
  0.0000000E+00
  0.0000000E+00
  0.0000000E+00
  0.0000000E+00
  0.0000000E+00
  0.0000000E+00
  0.0000000E+00
  0.0000000E+00
  0.0000000E+00
  0.0000000E+00
  0.0000000E+00
  0.0000000E+00
  0.0000000E+00
  0.0000000E+00
  0.0000000E+00
  0.0000000E+00
  0.0000000E+00
  0.0000000E+00
  0.0000000E+00
  0.0000000E+00
  0.0000000E+00
  0.0000000E+00
  0.0000000E+00
  0.0000000E+00
  0.0000000E+00
  0.0000000E+00
  0.0000000E+00
  0.0000000E+00
  0.0000000E+00
  0.0000000E+00
  0.0000000E+00
  0.0000000E+00
  0.0000000E+00
  0.0000000E+00
  0.0000000E+00
  0.0000000E+00
  0.0000000E+00
  0.0000000E+00
  0.0000000E+00
  0.0000000E+00
  0.0000000E+00
  0.0000000E+00
  0.0000000E+00
  0.0000000E+00
  0.0000000E+00
  0.0000000E+00
  0.0000000E+00
  0.0000000E+00
  0.0000000E+00
  0.0000000E+00
  0.0000000E+00
  0.0000000E+00
  0.0000000E+00
  0.0000000E+00
  0.0000000E+00
  0.0000000E+00
  0.0000000E+00
  0.0000000E+00
  0.0000000E+00
  0.0000000E+00
  0.0000000E+00
  0.0000000E+00
  0.0000000E+00
  0.0000000E+00
  0.0000000E+00
  0.0000000E+00
  0.0000000E+00
  0.0000000E+00
  0.0000000E+00
  0.0000000E+00
  0.0000000E+00
  0.0000000E+00
  0.0000000E+00
  0.0000000E+00
  0.0000000E+00
  0.0000000E+00
  0.0000000E+00
  0.0000000E+00
  0.0000000E+00
  0.0000000E+00
  0.0000000E+00
  0.0000000E+00
  0.0000000E+00
  0.0000000E+00
  0.0000000E+00
  0.0000000E+00
  0.0000000E+00
  0.0000000E+00
  0.0000000E+00
  0.0000000E+00
  0.0000000E+00
  0.0000000E+00
  0.0000000E+00
  0.0000000E+00
  0.0000000E+00
  0.0000000E+00
  0.0000000E+00
  0.0000000E+00
  0.0000000E+00
  0.0000000E+00
  0.0000000E+00
  0.0000000E+00
  0.0000000E+00
  0.0000000E+00
  0.0000000E+00
  0.0000000E+00
  0.0000000E+00
  0.0000000E+00
  0.0000000E+00
  0.0000000E+00
  0.0000000E+00
  0.0000000E+00
  0.0000000E+00
  0.0000000E+00
  0.0000000E+00
  0.0000000E+00
  0.0000000E+00
  0.0000000E+00
  0.0000000E+00
  0.0000000E+00
  0.0000000E+00
  0.0000000E+00
  0.0000000E+00
  0.0000000E+00
  0.0000000E+00
  0.0000000E+00
  0.0000000E+00
  0.0000000E+00
  0.0000000E+00
  0.0000000E+00
  0.0000000E+00
  0.0000000E+00
  0.0000000E+00
  0.0000000E+00
  0.0000000E+00
  0.0000000E+00
  0.0000000E+00
  0.0000000E+00
  0.0000000E+00
  0.0000000E+00
  0.0000000E+00
  0.0000000E+00
  0.0000000E+00
  0.0000000E+00
  0.0000000E+00
  0.0000000E+00
  0.0000000E+00
  0.0000000E+00
  0.0000000E+00
  0.0000000E+00
  0.0000000E+00
  0.0000000E+00
  0.0000000E+00
  0.0000000E+00
  0.0000000E+00
  0.0000000E+00
  0.0000000E+00
  0.0000000E+00
  0.0000000E+00
  0.0000000E+00
  0.0000000E+00
  0.0000000E+00
  0.0000000E+00
  0.0000000E+00
  0.0000000E+00
  0.0000000E+00
  0.0000000E+00
  0.0000000E+00
  0.0000000E+00
  0.0000000E+00
  0.0000000E+00
  0.0000000E+00
  0.0000000E+00
  0.0000000E+00
  0.0000000E+00
  0.0000000E+00
  0.0000000E+00
  0.0000000E+00
  0.0000000E+00
  0.0000000E+00
  0.0000000E+00
  0.0000000E+00
  0.0000000E+00
  0.0000000E+00
  0.0000000E+00
  0.0000000E+00
  0.0000000E+00
  0.0000000E+00
  0.0000000E+00
  0.0000000E+00
  0.0000000E+00
  0.0000000E+00
  0.0000000E+00
  0.0000000E+00
  0.0000000E+00
  0.0000000E+00
  0.0000000E+00
  0.0000000E+00
  0.0000000E+00
  0.0000000E+00
  0.0000000E+00
  0.0000000E+00
  0.0000000E+00
  0.0000000E+00
  0.0000000E+00
  0.0000000E+00
  0.0000000E+00
  0.0000000E+00
  0.0000000E+00
  0.0000000E+00
  0.0000000E+00
  0.0000000E+00
  0.0000000E+00
  0.0000000E+00
  0.0000000E+00
  0.0000000E+00
  0.0000000E+00
  0.0000000E+00
  0.0000000E+00
  0.0000000E+00
  0.0000000E+00
  0.0000000E+00
  0.0000000E+00
  0.0000000E+00
  0.0000000E+00
  0.0000000E+00
  0.0000000E+00
  0.0000000E+00
  0.0000000E+00
  0.0000000E+00
  0.0000000E+00
  0.0000000E+00
  0.0000000E+00
  0.0000000E+00
  0.0000000E+00
  0.0000000E+00
  0.0000000E+00
  0.0000000E+00
